gene	chr	starts	ends	strand	ecto	endo	meso	set
Sox17	1	4496413	4490928	0	-4.4827056	6.1718163	-4.5655355	DifEn
Atp6v1h	1	5083173	5162549	1	5.1968584	6.4346504	5.6240134	DifEn
Ppp1r42	1	10009136	9968624	0	-5.1979737	-0.13473624	-5.585658	DifEn
Efhc1	1	20951626	20990838	1	-0.6962124	4.588789	-2.7135284	DifEn
Cfc1	1	34535648	34544311	1	-0.03605486	6.728229	5.1800694	DifEn
Prss40	1	34560943	34543975	0	-1.5062671	4.2292895	2.5786824	DifEn
Creg2	1	39651182	39618406	0	-7.44879	-0.3484631	-9.988477	DifEn
Slc40a1	1	45925594	45908070	0	-1.3938847	3.1778631	-9.209697	DifEn
Dnahc7b	1	46066738	46373550	1	-3.1348023	-0.06305354	-4.8359036	DifEn
Stat4	1	51987148	52107188	1	0.12698263	2.1620688	-2.0234513	DifEn
Mdh1b	1	63730318	63698819	0	-6.6945553	2.8791168	-2.9947765	DifEn
Spag16	1	69826988	70725132	1	-0.97919047	1.7563828	-0.48368835	DifEn
Igfbp5	1	72874884	72857932	0	-1.5745777	1.7716750000000001	-4.3324857	DifEn
Tnp1	1	73015899	73015083	0	-5.8065634	0.52415407	-6.194248	DifEn
Gm216	1	74362108	74369321	1	-3.9847486	1.9488537	-0.7503809	DifEn
Vil1	1	74409376	74435559	1	-2.9083211	0.9169728	-3.222005	DifEn
Stk36	1	74601445	74636894	1	-1.8851286	3.1878085	-0.8500675	DifEn
Cryba2	1	74893143	74889934	0	-7.3183737	0.5598324	-7.7060575	DifEn
Ccdc108	1	74935599	74902071	0	-3.9969575	1.7736	-4.6823225	DifEn
Sgpp2	1	78310346	78420286	1	-0.68826264	1.6927152	-2.996168	DifEn
Ap1s3	1	79671972	79606876	0	0.7066058	3.2337477	0.04462808	DifEn
Ccl20	1	83116766	83119167	1	1.3745236	4.872164	-1.1637205	DifEn
Wdr69	1	83159752	83210574	1	-2.9662023	1.8813062	-8.550284	DifEn
Iqca	1	90153401	90042132	0	-4.2032413	2.2424655	-9.135246	DifEn
Capn10	1	92934376	92947941	1	2.6520746	4.2440724	2.7297063	DifEn
St8sia4	1	95667594	95587684	0	-1.8812754	1.6111935	-9.736566	DifEn
Slco4c1	1	96872171	96818784	0	-8.172409	0.8832949	-8.560093	DifEn
Rnf152	1	105356710	105276917	0	-1.8155379	0.9787241	-2.0007293	DifEn
Gm101	1	119997234	119923341	0	-6.456482	0.7899776	-6.0368114	DifEn
Ysk4	1	127840290	127815271	0	-8.889716	0.00641152	-7.692438	DifEn
Cd55	1	130462744	130439027	0	-3.8343105	3.020275	-1.5351529	DifEn
Dyrk3	1	131138234	131128441	0	3.3144398	4.657648	2.8849182	DifEn
Avpr1b	1	131599239	131612000	1	-7.3362947	2.3771966	-0.750521	DifEn
Slc26a9	1	131744022	131771504	1	-6.9767647	-0.8896806	-9.83838	DifEn
Mybph	1	134193448	134201231	1	-7.9352546	0.68370783	-2.9614828	DifEn
Elf3	1	135258472	135253574	0	2.4134438	5.3782687	0.5034608	DifEn
Nav1_1	1	135688105	135606447	0	-2.238756	0.9557261	-4.318318	DifEn
Mr1	1	155146780	155127878	0	-3.5962422	0.71391004	-8.779786	DifEn
Sec16b	1	157506728	157568425	1	-4.139161	0.29958564	-2.4883711	DifEn
Rabgap1l	1	160792938	160219174	0	-1.6957175	3.4074898	-1.5639325	DifEn
Mettl11b	1	163725232	163702257	0	-7.7981696	-0.11044126	-8.337857	DifEn
F5	1	164151838	164220277	1	-2.998993	1.3121719	-4.6394434	DifEn
4930455F23Rik	1	164275585	164287847	1	2.5357401	4.340694	0.58669174	DifEn
Mgst3	1	167393841	167371966	0	3.1171002	4.462393	1.96451	DifEn
Rgs4	1	169747642	169741477	0	-1.8300774	1.500006	-6.1246524	DifEn
1700009P17Rik	1	171113918	171126967	1	-0.945576	5.895314	-0.448196	DifEn
Fcer1g	1	171234365	171229572	0	-4.006095	-0.58922076	-5.978742	DifEn
Klhdc9	1	171360798	171358446	0	1.2022065	3.5531278	0.8798136	DifEn
Tagln2	1	172500047	172507380	1	5.1118584	7.466687	4.600275	DifEn
Ccdc19	1	172521044	172545870	1	-4.373466	4.3665905	-4.668041	DifEn
Sdccag8	1	176814660	177020437	1	0.29388708	2.2793849	-0.19925766	DifEn
Susd4	1	182763860	182896598	1	2.0400622	3.5509787	0.68501925	DifEn
Tlr5	1	182954788	182976044	1	-4.342679	-0.52736926	-9.130294	DifEn
Tgfb2	1	186705992	186623186	0	0.6859037	2.7343657	-0.15081541	DifEn
Spata17	1	187215465	187044648	0	-1.6531794	2.203607	-1.1783671	DifEn
Irf6	1	193153112	193172042	1	-2.459578	1.004389	-8.09519	DifEn
Lamb3	1	193301957	193343878	1	-6.038967	1.2626748	-3.2567267	DifEn
Meig1	2	3422648	3409043	0	-3.883185	3.57237	-6.4407945	DifEn
Fam107b	2	3613758	3782142	1	1.2892565	4.226963	2.1470306	DifEn
Cubn	2	13491924	13276338	0	-5.951483	-0.72530705	-8.8627300000000009	DifEn
Armc3	2	19199302	19310241	1	-5.828825	2.307661	-3.4091547	DifEn
Enkur	2	21205365	21180731	0	-1.4057093	5.086468	-0.2778047	DifEn
Thnsl1	2	21205724	21215009	1	0.9202108	3.116868	-0.014600143	DifEn
A830007P12Rik	2	25196886	25192966	0	-0.017503519	2.338241	0.26413918	DifEn
Surf4	2	26933928	26920040	0	6.020169	6.8124228	6.1242657	DifEn
1700026L06Rik	2	28699727	28692080	0	-3.4921658	4.760896	-1.7099252	DifEn
Ak8	2	28700164	28813165	1	0.38623446	2.9337337	-0.1947937	DifEn
1700101E01Rik	2	29055064	28955373	0	-1.7847329	2.2980008	-3.3276954	DifEn
Cercam	2	29869164	29882840	1	1.1647615	3.4873455	0.19132523	DifEn
Wdr34	2	30048881	30031546	0	2.7854767	4.3557105	2.883745	DifEn
Ak1	2	32621758	32646805	1	1.6206137	3.216616	1.158562	DifEn
Ttc16	2	32775633	32757026	0	-2.7809951	0.5337811	-2.8885715	DifEn
1700019L03Rik	2	32784428	32777381	0	-1.7898561	1.3040783	-1.9819895	DifEn
Gsn	2	35279663	35307892	1	-0.027413405	3.2652254	0.19693299	DifEn
Ggta1	2	35463231	35400179	0	-0.101282656	2.2472405	0.20031105	DifEn
Morn5	2	36049458	36079718	1	-4.1050534	2.9641826	-2.007311	DifEn
Lypd6b	2	49787688	49948849	1	0.6310972	2.5811644	-7.096437	DifEn
Rbm43	2	51935163	51924448	0	1.3178407	3.0265627	0.5362421	DifEn
Ermn	2	58052864	58045113	0	-3.382624	1.9559993	-9.314629	DifEn
Dpp4	2	62412231	62330073	0	-3.5954018	2.5868316	-6.153012	DifEn
4930578N16Rik	2	69789575	69758033	0	0.81148267	3.4933612	-0.23783393	DifEn
4933404M02Rik	2	70508819	70540884	1	-2.3229752	3.5398557	-0.7623744	DifEn
Ttc30b	2	75938462	75935863	0	2.4106753	4.8702106	0.60158914	DifEn
Cyct	2	76360450	76353942	0	1.3340721	3.9927058	-0.2808459	DifEn
Serping1	2	84775444	84765387	0	-0.13586317	1.9292591	-0.3529939	DifEn
Prg2	2	84980461	84983632	1	-6.810011	-0.656171	-7.1976953	DifEn
Chrm4	2	91922189	91929829	1	-7.3818297	-0.20311506	-5.447586	DifEn
Creb3l1	2	92024502	91982328	0	-2.0263746	1.5774314	-0.8104806	DifEn
Trp53i11	2	93187548	93201759	1	3.0247686	5.4307	3.9496539	DifEn
Cd82	2	93463140	93419111	0	-2.1784227	3.2633264	-0.03941221	DifEn
Cd59a	2	104095801	104115354	1	0.41013673	4.382695	0.061711837	DifEn
Fsip1	2	118256966	118204888	0	-1.208338	2.5974572	-0.5614236	DifEn
Ppp1r14d	2	119229906	119218119	0	-1.511986	0.946111	-7.221599	DifEn
Shf	2	122369162	122348892	0	-2.6583211	0.5203937	-2.376154	DifEn
Ctxn2	2	125136692	125147839	1	-7.104829	0.5478167	-7.4925137	DifEn
Hdc	2	126619299	126593667	0	-5.501113	1.0893714	-10.128263	DifEn
Nphp1	2	127788897	127740732	0	2.20725	4.6103654	2.4364035	DifEn
Il1a	2	129309972	129299610	0	-2.8497136	0.46681023	-5.959864	DifEn
Tgm3	2	130012349	130050399	1	-2.4690204	2.2333639	-2.1886861	DifEn
Spef1	2	131187282	131170261	0	-3.0489147	4.073217	-2.0036395	DifEn
Prnp	2	131909928	131938429	1	1.1347816	4.0295477	1.2291962	DifEn
Bmp2	2	133552159	133562885	1	-5.7428355	3.1458907	1.1042976	DifEn
Ankrd5	2	136501910	136562091	1	-3.8037775	0.9658538	-3.2149208	DifEn
Flrt3	2	140671469	140650914	0	2.98852	6.166638	3.797757	DifEn
Banf2	2	144033059	144073979	1	-6.2565513	0.12861411	-6.644236	DifEn
Ovol2	2	144332146	144305175	0	1.1110092	3.0615358	-3.0945606	DifEn
4930529M08Rik	2	145934784	146215039	1	-3.1201224	-0.13071314	-3.7074788	DifEn
Foxa2	2	148046969	148042877	0	-0.7741685	6.4263105	-3.0219953	DifEn
Cst13	2	148820081	148830410	1	-6.712073	0.64612544	-7.0997577	DifEn
Cst3	2	148875692	148871722	0	6.70275	8.447203	7.358172	DifEn
Mylk2	2	152911352	152923068	1	-8.626193	-0.48811996	-9.013877	DifEn
Ttll9	2	152962485	153008482	1	0.12572418	2.2087321	-1.2094927	DifEn
Map1lc3a	2	155276297	155278073	1	3.8769825	5.1510344	3.987775	DifEn
Myl9	2	156775420	156781658	1	3.0302756	4.685186	2.9665356	DifEn
Lbp	2	158306493	158332852	1	-3.484868	0.44778547	-2.2242637	DifEn
Eya2	2	165595032	165771727	1	-2.5258482	1.1171716	-1.997364	DifEn
Atp9a	2	168742409	168634438	0	-0.5800062	2.9848418	-0.9920917	DifEn
Bmp7	2	172940321	172868012	0	-1.4279693	4.7761073	3.0549848	DifEn
Spo11	2	172977700	172993576	1	-5.7142825	1.6708832	-2.2606647	DifEn
Npepl1	2	174110349	174123070	1	2.138732	3.7805705	1.5551605	DifEn
Slc17a9	2	180725263	180742280	1	-0.98372746	1.6751198	-4.51931	DifEn
Hey1	3	8667039	8663362	0	-0.4599983	3.1452084	0.7570771	DifEn
Car2	3	14886426	14900769	1	5.230676	7.8912783	5.464498	DifEn
Agtr1b	3	20367177	20314473	0	-3.2604206	2.2767482	-6.4029927	DifEn
Pld1	3	27938695	28133362	1	-5.148734	0.14751704	-4.224474	DifEn
Lrrc34	3	30647869	30624267	0	-1.3243406	3.6090357	-0.2598176	DifEn
Lrriq4	3	30644507	30672431	1	-5.3786993	-0.28571433	-4.242821	DifEn
Cldn11	3	31149946	31164324	1	-1.606	1.9112692	-1.6136531	DifEn
Kcnmb2	3	31902507	32200180	1	-0.75732636	2.8786013	-1.3913218	DifEn
Ccdc39	3	33844310	33812362	0	0.36976227	3.4131367	0.41216072	DifEn
Qrfpr	3	36222275	36179424	0	-2.8105507	1.0205132	-8.559691	DifEn
Anxa5	3	36475843	36448925	0	1.8301195	5.6738043	3.9956145	DifEn
Cetn4	3	37312708	37307749	0	-4.9244814	0.7035406	-1.8943133	DifEn
Intu	3	40531286	40704774	1	0.25993532	2.8882608	0.09848353	DifEn
Serp1	3	58525873	58521969	0	6.7541475	7.430772	6.737192	DifEn
Mlf1	3	67374097	67400003	1	2.4690943	6.7782497	2.6751504	DifEn
Zbbx	3	75165034	75037907	0	-3.2288046	3.118886	-6.0945363	DifEn
Glrb	3	80913660	80843599	0	-2.7446468	0.08412535	-3.231867	DifEn
Fgb	3	83049803	83042247	0	-7.782199	-0.29394016	-8.169884	DifEn
Tlr2	3	83841767	83836273	0	-8.65619	-0.8559865	-9.043874	DifEn
Apoa1bp	3	88058495	88056523	0	5.8637924	6.822716	6.0530977	DifEn
Riiad1	3	94473591	94464985	0	1.6590446	6.7491927	1.7192216	DifEn
Tuft1	3	94658872	94612757	0	-1.3534718	2.2958183	0.04785646	DifEn
Lysmd1	3	95134088	95139518	1	0.40501988	2.6164787	0.17461625	DifEn
Txnip	3	96557957	96561883	1	2.2396011	4.1577883	0.9559616	DifEn
Cd2	3	101287939	101275899	0	-4.712902	0.19163775	-2.5770245	DifEn
Casq2	3	102086415	102146514	1	-8.517056	-0.60137683	-7.167776	DifEn
Tshb	3	102782714	102777398	0	-2.5799172	0.55547017	-6.820044	DifEn
Slc16a1	3	104638668	104658462	1	5.2295165	8.498312	5.852606	DifEn
Mov10	3	104818563	104794836	0	0.47227037	2.893226	-0.6408461	DifEn
1700027A23Rik	3	106014646	105996957	0	1.5834118	7.5101204	0.23420142	DifEn
Chia	3	106113229	106132120	1	-5.256299	-0.71913016	-8.380948	DifEn
Larp7	3	127553348	127536954	0	7.196046	8.380082	6.8644104	DifEn
Cfi	3	129836739	129875328	1	-3.5723884	0.18599436	-8.504394	DifEn
Casp6	3	129901425	129914103	1	3.7813034	5.1800165	3.8289049	DifEn
Sgms2	3	131344940	131318985	0	-2.9279244	0.47879702	-4.2698054	DifEn
Slc39a8	3	135825279	135888572	1	-0.26988274	4.104191	1.5261041	DifEn
Mttp	3	138143388	138089855	0	-1.2528646	1.9123505	-0.30959177	DifEn
AI747448	3	144932529	144910921	0	-3.6891499	-0.36001837	-6.884189	DifEn
Odf2l	3	145118589	145153915	1	2.62129	4.4202876	2.36521	DifEn
Cyr61	3	145649985	145646971	0	1.1086155	4.3836474	2.5793843	DifEn
Wdr63	3	146108130	146040526	0	-7.05529	1.985227	-5.0279374	DifEn
Lpar3	3	146220961	146286214	1	-3.3245568	3.457499	0.42799246	DifEn
Gipc2	3	152166230	152093533	0	-2.6884673	1.2511957	-3.9327874	DifEn
Tmem67	4	12090020	12039355	0	-0.30955863	2.2065349	0.24010637	DifEn
Ripk2	4	16163647	16122733	0	2.029037	4.1775503	2.074505	DifEn
Klhl32	4	24851124	24612554	0	-1.6766899	2.1038175	-1.2831033	DifEn
1700003M02Rik	4	34730206	34688559	0	-2.418296	4.897382	-0.52057815	DifEn
Chmp5	4	40948407	40965303	1	6.3449793	7.1763344	6.54787	DifEn
Dnaic1	4	41569775	41638158	1	-2.1037061	2.3131683	-7.7767925	DifEn
Arid3c	4	41731142	41723836	0	-1.5485399	1.7622783	-1.6341954	DifEn
Spag8	4	43653594	43651335	0	-1.7879251	4.6934557	-3.278703	DifEn
Tmem8b	4	43668971	43692668	1	-3.1767998	-0.07508821	-5.073498	DifEn
Shb	4	45532470	45423278	0	-0.40573144	1.9830652	-0.82347286	DifEn
E230008N13Rik	4	45890303	45950774	1	-5.9948707	0.72371864	-9.856486	DifEn
Lpar1	4	58553898	58435255	0	1.7006185	4.3549123	2.4671254	DifEn
Ptgr1	4	58987119	58965439	0	1.892112	3.9284089	2.109386	DifEn
Slc31a2	4	62262562	62298411	1	0.84476376	3.695231	1.6371694	DifEn
Ambp	4	63154799	63143275	0	-7.5596604	-0.5718305	-6.795342	DifEn
Kif12	4	63172131	63165634	0	-8.828401	0.07800206	-9.2160845	DifEn
Orm3	4	63356162	63359511	1	-6.693529	-0.47828862	-7.0812135	DifEn
Cer1	4	82885148	82881751	0	1.0602459	9.620755	5.483802	DifEn
Frem1	4	83052339	82897920	0	-1.460684	1.5033545	-1.102941	DifEn
Ift74	4	94614491	94693229	1	4.599972	6.323609	4.851959	DifEn
Ube2u	4	100478849	100550147	1	-2.106838	2.696716	-4.1134324	DifEn
Tctex1d1	4	102986379	103005594	1	-2.3763068	5.2589297	1.4890752	DifEn
Wdr78	4	103114555	103038065	0	-2.5534463	1.3217188	-1.1812646	DifEn
Dmrtb1	4	107684230	107676290	0	-8.123652	0.014421006	-3.5013518	DifEn
Txndc12	4	108834601	108862127	1	4.1212654	5.3621087	4.2634616	DifEn
Spata6	4	111719984	111829184	1	1.0414507	3.668203	1.9080576	DifEn
Slc5a9	4	111902918	111875375	0	-9.4390545	1.281336	-9.826739	DifEn
Pdzk1ip1	4	115088708	115093899	1	-2.573316	2.1985583	-1.7046608	DifEn
4930544O15Rik	4	115781018	115779834	0	-6.7466636	0.13154253	-3.3973818	DifEn
Dmbx1	4	115939926	115914544	0	-5.276101	-0.41931427	-6.5262814	DifEn
Tspan1	4	116167601	116161869	0	-8.132696	1.351203	-7.520381	DifEn
Tmem53	4	117251951	117268582	1	-1.712231	1.3201454	-2.1703048	DifEn
Ccdc24	4	117872557	117866524	0	-3.407597	-0.21804324	-3.634817	DifEn
Dnali1	4	125065703	125055338	0	-3.1985147	3.1518855	-3.3060913	DifEn
Oscp1	4	126058565	126092195	1	0.09020273	3.403094	0.41704923	DifEn
1700029G01Rik	4	126163491	126150602	0	-4.0330725	0.39006108	-7.157722	DifEn
Tekt2	4	126325688	126322121	0	-0.7097021	4.9142504	-4.767238	DifEn
Tinagl1	4	130175122	130164454	0	-9.188655	0.82964027	-3.5914462	DifEn
Fam76a	4	132922558	132899213	0	1.6673558	4.0353312	2.4676557	DifEn
Sytl1	4	133263113	133253090	0	-0.17380165	2.0339108	-3.3475459	DifEn
Nipal3	4	135495038	135445420	0	-2.2896485	0.61724687	-3.4672472	DifEn
4930555I21Rik	4	135494790	135537803	1	-8.675689	-0.97932166	-8.911369	DifEn
Ldlrad2	4	137574569	137572083	0	-4.107073	0.69313025	-2.172829	DifEn
Vwa5b1	4	138635884	138565360	0	-5.7899213	2.237515	-0.024277432	DifEn
Ubxn10	4	138737167	138709837	0	-2.196394	3.8471735	-2.7767234	DifEn
Pla2g5	4	138863482	138799244	0	-6.1191287	-0.75332874	-6.0213866	DifEn
Igsf21	4	140246784	140026846	0	0.42867208	3.3016167	0.40105882	DifEn
Epha2	4	141301240	141329384	1	2.0044637	4.4380054	1.8044685	DifEn
Fhad1	4	142015082	141890438	0	-7.5314593	1.6916494	-9.919144	DifEn
Dhrs3	4	144892827	144928209	1	-2.9388463	2.600829	-1.992112	DifEn
Cort	4	149126763	149125034	0	-4.3502135	1.0587989	-4.41597	DifEn
Morn1	4	155086577	155145505	1	-1.0873792	1.8096088	-1.3189443	DifEn
Tmem52	4	155469114	155470858	1	-7.2753778	-0.6007055	-7.663062	DifEn
Ttll10	4	156059344	156034840	0	-5.4593496	1.28196	-9.320965	DifEn
A330021E22Rik	5	5664239	5579278	0	-2.2012224	3.0278237	-1.1675775	DifEn
Ccdc146	5	21424677	21292961	0	-5.4543357	2.5448856	-6.426982	DifEn
Fbxl13	5	21645605	21483847	0	-6.717865	-0.06966546	-5.1986594	DifEn
Cnpy1	5	28245792	28200819	0	-1.1440097	2.510708	-2.5637045	DifEn
Shh	5	28467101	28456815	0	-5.171739	1.8881549	-7.144386	DifEn
Rnf32	5	29195992	29225524	1	-2.322241	4.3836865	0.23720251	DifEn
Ccdc164	5	30281388	30366708	1	-0.5962944	4.1766944	-5.1539035	DifEn
Mapre3	5	30814641	30866106	1	-1.1501064	1.6009184	-1.4398155	DifEn
Cgref1	5	30945480	30933146	0	0.120702684	2.5223563	-3.5400004	DifEn
Gckr	5	31297581	31327300	1	-4.7516913	1.6859418	-4.724338	DifEn
Ppp1cb	5	32458974	32517433	1	5.24516	7.0323253	5.6208777	DifEn
Tnip2	5	34513997	34496087	0	-8.590557	-0.33092195	-4.2412753	DifEn
Lrpap1	5	35105766	35091490	0	4.6255913	6.1452193	4.564036	DifEn
Htra3	5	35679782	35652041	0	-3.0036054	0.78159535	-9.401274	DifEn
Ccdc96	5	36484588	36488171	1	-2.0403109	2.800534	-1.9623317	DifEn
Fgfbp1	5	43981762	43978865	0	0.38021675	5.0984263	-1.0810487	DifEn
Slc34a2	5	53038082	53071664	1	-9.390088	-0.18995374	-9.777772	DifEn
Arap2	5	62766198	62602445	0	-3.4516895	0.40740743	-3.6694486	DifEn
Chrna9	5	65934921	65977326	1	-4.4191155	4.2986875	-4.5019455	DifEn
Rbm47	5	66173117	66016549	0	0.012919446	4.0161095	0.8108356	DifEn
Nsun7	5	66259912	66298016	1	-3.978474	-0.70800394	-5.0232706	DifEn
Atp8a1	5	67847432	67618140	0	-1.1531059	1.5234199	-0.9269726	DifEn
Kctd8	5	69341709	69109285	0	-2.339943	0.59289795	-2.0340543	DifEn
Corin	5	72504473	72300025	0	-6.5385904	-0.27521315	-9.8856325	DifEn
Spata18	5	73651380	73679484	1	-7.913707	0.541848	-8.453395	DifEn
Afp	5	90490714	90508907	1	-8.125729	2.3215337	-8.513412	DifEn
Areg	5	91139615	91148432	1	-5.589855	-0.6090797	-5.240574	DifEn
Parm1	5	91517615	91626894	1	-2.0844772	3.2061532	-1.2713993	DifEn
Cdkl2	5	92043042	92006074	0	-1.6180303	2.3950214	-2.3369205	DifEn
Fgf5	5	98254184	98277030	1	3.4962525	6.036997	1.4509664	DifEn
Mapk10	5	103211334	102907948	0	-2.572684	1.2528301	-9.195585	DifEn
Aff1	5	103692374	103855322	1	1.082689	3.098953	0.29542255	DifEn
Sparcl1	5	104114088	104079111	0	-8.703758	1.8304019	-1.7795677	DifEn
Iqcd	5	120589016	120607114	1	0.22463514	2.7331564	-1.6194276	DifEn
Oas1d	5	120914536	120921652	1	-1.5882051	2.6270354	-8.467743	DifEn
Tctn1	5	122264460	122241287	0	0.15375952	2.7541447	-0.73808813	DifEn
1500011H22Rik	5	122372364	122364580	0	3.4989402	4.910864	3.6619925	DifEn
Ift81	5	122614518	122550204	0	2.4316635	4.683954	2.768683	DifEn
Morn3	5	123047016	123035769	0	-7.3491473	1.8570477	-5.15187	DifEn
Lrrc43	5	123489325	123508205	1	-4.0389013	2.948225	-1.7788874	DifEn
B3gnt4	5	123510460	123511882	1	0.31954548	2.8078976	0.71395624	DifEn
Fam101a	5	125003447	125012547	1	-0.040261284	2.8426864	-1.135553	DifEn
Stx2	5	129008574	128984557	0	-0.43957445	2.57744	0.018570354	DifEn
Zp3	5	135980099	135988624	1	-7.468802	-0.83852375	-7.856486	DifEn
Orai2	5	136170656	136147464	0	-4.608417	0.62755495	-4.4891415	DifEn
Rabl5	5	136908150	136913244	1	3.52413	5.9524317	4.464074	DifEn
Pilrb1	5	137858049	137852147	0	-7.093558	0.3696101	-5.744277	DifEn
Pilrb2	5	137871758	137865829	0	-7.7665825	1.3116055	-8.306271	DifEn
Cyp3a13	5	137921619	137892932	0	-8.628635	-0.52262366	-9.01632	DifEn
Fam20c	5	138754514	138810077	1	-3.3473978	0.6669301	-3.651018	DifEn
Gpr30	5	139423151	139427800	1	-3.0861843	2.3719127	-6.3218656	DifEn
Tmem184a	5	139819917	139802485	0	-1.7813224	0.79128003	-7.3784604	DifEn
Rsph10b2	5	143933035	143985719	1	-2.3757944	1.9098355	-3.4098418	DifEn
Nptx2	5	144545887	144557478	1	2.0374472	3.5957692	1.0778877	DifEn
Smurf1	5	144965847	144876495	0	-2.0767121	0.8617189	-1.8349593	DifEn
Rxfp2	5	150018675	150082184	1	-3.603371	-0.07446983	-7.2134476	DifEn
Tfpi2	6	3968375	3962594	0	-7.67852	1.141582	-2.0315588	DifEn
Gng11	6	4003943	4008445	1	0.6112888	4.5392475	1.5772414	DifEn
Pdk4	6	5496309	5483351	0	-8.876871	0.084324084	-3.5275896	DifEn
Shfm1	6	6578652	6558283	0	9.370941	9.956001	9.652989	DifEn
Tmem106b	6	13069759	13089269	1	1.3985494	3.3993034	1.0284473	DifEn
Tfec	6	16898441	16833381	0	-7.8960557	-0.075952835	-8.28374	DifEn
Iqub	6	24515067	24444865	0	-3.196315	4.637678	-4.0396786	DifEn
Tspan33	6	29694222	29718559	1	-0.9020923	1.4024844	-3.8198128	DifEn
Slc13a4	6	35308131	35267957	0	-0.0284646	3.2621646	0.17330094	DifEn
Ttc26	6	38381469	38427647	1	1.7437792	4.47697	2.0228393	DifEn
Tas2r108	6	40493592	40494485	1	-6.9033356	-0.14377452	-7.29102	DifEn
Prss1	6	41458932	41463786	1	-6.75205	2.2445507	-2.528299	DifEn
Nobox	6	43309562	43303674	0	-3.5918167	-0.25294495	-8.379432	DifEn
Tpk1	6	43666278	43345001	0	-0.8925932	2.3878932	0.30980992	DifEn
Tmem176b	6	48841374	48833811	0	2.1395571	3.64931	1.5577114	DifEn
Tmem176a	6	48841483	48845364	1	2.57944	4.919764	1.4043987	DifEn
Npy	6	49822710	49829507	1	-6.243863	1.3864154	-6.631547	DifEn
Snx10	6	51523901	51590679	1	4.052211	5.1730485	2.6500568	DifEn
Creb5	6	53573384	53696007	1	-5.346183	-0.71590465	-7.3188295	DifEn
Scrn1	6	54566489	54505890	0	-5.586068	-0.6052931	-10.518073	DifEn
Aqp1	6	55336432	55348555	1	-8.4584055	-0.38518357	-5.694086	DifEn
Fam13a	6	59024549	58932090	0	-3.4872725	1.8649893	-1.3440342	DifEn
Cd8a	6	71373427	71379171	1	-8.711152	-0.08087353	-5.7769074	DifEn
Dqx1	6	83057844	83067210	1	2.4222245	4.114355	2.1788626	DifEn
Stambp	6	83572504	83543206	0	0.8758335	3.182481	1.1391256	DifEn
Noto	6	85423886	85429602	1	-0.033424843	7.7369194	-2.9044313	DifEn
Anxa4	6	86793584	86736840	0	0.63776106	3.2540011	-0.06467288	DifEn
Hdac11	6	91156665	91174692	1	-1.0501145	1.6569792	-1.3026392	DifEn
Wnt7a	6	91411363	91363981	0	-2.6957355	3.012336	-9.118066	DifEn
Trh	6	92244650	92242061	0	6.794967	8.684516	0.24729432	DifEn
Fam19a4	6	97060411	96831209	0	-2.231282	1.6442091	-5.426321	DifEn
Frmd4b	6	97617541	97286867	0	-1.2667524	1.3058816	-1.1758125	DifEn
Syn2	6	115134902	115282626	1	-9.562218	-0.898517	-9.797899	DifEn
Tmem40	6	115762466	115729131	0	-7.047864	-0.592309	-3.911986	DifEn
BC060267	6	115838412	115810729	0	-0.6186791	2.7465613	-3.7137225	DifEn
Ret	6	118197744	118151748	0	-3.9816074	2.0021956	-0.13635702	DifEn
Ninj2	6	120093350	120200339	1	-0.37616315	4.240369	1.3128451	DifEn
Slc2a3	6	122801640	122727809	0	5.51185	7.3558464	4.5854955	DifEn
Grcc10	6	124741374	124739183	0	5.0078373	6.7406054	5.518383	DifEn
Atn1	6	124756524	124739189	0	3.5014863	5.114995	4.0045824	DifEn
Lrrc23	6	124779727	124769863	0	-2.247658	4.265041	-8.246778	DifEn
Lpar5	6	125067920	125082472	1	-1.784383	1.3322935	-5.3150253	DifEn
Cd9	6	125494791	125460266	0	4.035044	5.171425	2.7672827	DifEn
Clec1b	6	129397297	129409335	1	-9.416335	-0.28621066	-4.3300877	DifEn
Bcl2l14	6	134396318	134438736	1	-2.0757797	1.0596075	-2.6473281	DifEn
Cdkn1b	6	134920401	134925513	1	1.866298	3.7786005	2.1485474	DifEn
Gprc5a	6	135065651	135084709	1	-3.8017237	3.0164013	-2.1305144	DifEn
Emp1	6	135362931	135383173	1	-3.3499768	2.1407676	-5.207146	DifEn
Plbd1	6	136661928	136612070	0	-0.5283334	2.3233998	0.057509903	DifEn
Iapp	6	142298423	142303961	1	-7.026983	0.38465533	-7.4146667	DifEn
St8sia1	6	142964452	142821545	0	-8.525732	-0.5396619	-5.1764503	DifEn
4833442J19Rik	6	149139849	149151171	1	3.047007	4.482881	2.435672	DifEn
Tmc4	7	3677524	3665790	0	1.2616152	2.973514	1.133727	DifEn
Cdc42ep5	7	4164860	4151260	0	3.3648357	4.741253	2.4621916	DifEn
Tnni3	7	4524229	4518305	0	-2.1321704	0.5370474	-3.9258468	DifEn
6030429G01Rik	7	4532453	4522933	0	0.13352983	3.5669503	-1.0359744	DifEn
Syt5	7	4546567	4539768	0	1.0100552	3.0687487	-5.1055493	DifEn
Tmem190	7	4782940	4784341	1	-1.894031	2.7957482	0.17079704	DifEn
Sbk2	7	4964348	4957081	0	-2.9308286	1.5272685	-3.318513	DifEn
Usp29	7	6961160	6963769	1	-4.1271105	-0.23379797	-8.836723	DifEn
Mzf1	7	13054764	13042303	0	-2.7883663	1.062952	-6.106788	DifEn
Psg25	7	18532227	18519704	0	-8.680876	-0.84114444	-9.068561	DifEn
Pglyrp1	7	18884690	18890438	1	0.6070719	2.4682908	-1.2869651	DifEn
Foxa3	7	19023538	19013282	0	-0.0160351	2.508971	-2.97098	DifEn
Eml2	7	19176421	19206482	1	1.180637	3.4236565	0.11875449	DifEn
Apoc1	7	19692658	19689484	0	3.1133032	4.357113	1.8057892	DifEn
Apoe	7	19699166	19696109	0	6.350553	8.508168	6.8851237	DifEn
Pvrl2	7	19749573	19716644	0	4.8974133	6.0950546	4.787382	DifEn
2210010C17Rik	7	19950743	19937305	0	-1.3273889	2.6088755	-1.5363674	DifEn
Vmn1r113	7	20787285	20788208	1	-6.950954	0.29403424	-7.338638	DifEn
Rabac1	7	24972728	24969750	0	5.5364575	6.341017	5.410136	DifEn
Gm7092	7	25615892	25614621	0	-3.7769244	0.7888135	-2.8426807	DifEn
Fcgbp	7	28071236	28120862	1	-5.550003	-0.9874121	-10.844579	DifEn
Kcnk6	7	29232522	29221928	0	-5.244294	0.31490073	-4.474437	DifEn
Rhpn2	7	35334175	35392285	1	1.3430161	3.1968	0.049659137	DifEn
Zfp819	7	43607169	43618285	1	-0.46696582	2.321108	-1.2105256	DifEn
Josd2	7	44467980	44471652	1	2.3847542	4.1457596	2.5056815	DifEn
Kdelr1	7	45872772	45883731	1	3.809653	5.1657495	4.129648	DifEn
Ccdc114	7	45924072	45948956	1	-0.22055785	2.8079739	-0.882588	DifEn
Tph1	7	46672537	46647130	0	-5.7934756	0.11106433	-3.9717064	DifEn
Fam174b	7	73740307	73776919	1	0.1046501	2.3944318	-0.7050178	DifEn
Cib1	7	80232813	80227156	0	4.1244593	5.181999	3.8315976	DifEn
Ttll13	7	80246376	80260821	1	-5.0779557	-0.6521483	-4.1030703	DifEn
Fam154b	7	82648528	82632960	0	0.3437076	3.2973378	-1.191808	DifEn
1700026D08Rik	7	83794880	83774101	0	-3.920181	3.3589935	-7.892828	DifEn
Ctsc	7	88278085	88310888	1	2.3151696	4.871338	2.471936	DifEn
Ccdc89	7	90426312	90428660	1	-1.4445927	2.4573638	-1.4883227	DifEn
Xrra1	7	99859218	99917824	1	-8.460601	0.6853777	-2.9149215	DifEn
Kcne3	7	100176670	100184869	1	-3.1087537	1.9940126	-0.3879132	DifEn
P4ha3	7	100285520	100319699	1	-2.1434407	0.6877153	-7.906164	DifEn
Dnajb13	7	100514960	100503018	0	-1.9054388	6.40435	-0.7943174	DifEn
Stard10	7	101317086	101346626	1	0.29775968	3.3812885	-0.90959275	DifEn
Lrrc51	7	101933895	101912984	0	0.80636054	2.912334	0.57914096	DifEn
Prkcdbp	7	105482197	105480607	0	-0.9402487	2.3548622	0.03340351	DifEn
Ppfibp2	7	107595051	107748582	1	-2.0459964	0.74581873	-4.0827737	DifEn
Stk33	7	109439081	109279223	0	-0.8535486	3.291547	-3.3869104	DifEn
Calca	7	114636357	114631480	0	4.2083554	7.2595825	0.22119561	DifEn
Nucb2	7	116504374	116540584	1	1.5406768	3.482164	1.6321071	DifEn
Arl6ip1	7	118129625	118118891	0	7.5963264	8.090859	7.5450273	DifEn
Syt17	7	118443552	118381856	0	-0.9058657	1.8549631	-3.3501337	DifEn
Anks4b	7	120173858	120183716	1	-2.649063	0.1731661	-8.474153	DifEn
Vwa3a	7	120739557	120805742	1	-5.454253	0.9248889	-2.9715726	DifEn
Gm166	7	127588595	127582384	0	1.4948978	4.4025903	1.1918151	DifEn
Prss8	7	127930113	127925725	0	4.460025	5.4758916	0.35714027	DifEn
Btbd16	7	130774069	130825897	1	-8.844039	-0.36827028	-9.231723	DifEn
Chst15	7	132317228	132235780	0	-1.354051	2.8497849	-0.75314015	DifEn
Oat	7	132576398	132557475	0	6.535773	7.1600986	6.4253225	DifEn
Fank1	7	133776861	133881532	1	-8.161251	2.3145173	-4.3969316	DifEn
9330101J02Rik	7	139683817	139638778	0	-3.289789	1.6778709	-9.6998415	DifEn
Ifitm6	7	141016892	141015812	0	-6.1786895	-0.4609484	-4.4143705	DifEn
Lrrc56	7	141194157	141210055	1	0.23062696	3.617809	-0.73949975	DifEn
Kcnq1	7	143107254	143427042	1	-8.663831	-0.57412076	-7.3145494	DifEn
Lrrc8e	8	4226827	4237470	1	-3.620371	0.42375746	-5.67102	DifEn
Ctxn1	8	4259274	4257648	0	4.362891	6.2484584	4.3369846	DifEn
Efnb2	8	8660773	8617434	0	3.9125733	5.187209	3.2144976	DifEn
Rab20	8	11478638	11453392	0	2.0306802	3.835738	-1.7883435	DifEn
Myom2	8	15057653	15133541	1	-3.104956	0.6261371	-3.788625	DifEn
Nek5	8	22125053	22073616	0	-8.330425	2.0072114	-2.9513974	DifEn
Ap3m2	8	22805654	22787354	0	-2.5569265	1.0799404	-2.865539	DifEn
Sfrp1	8	23411502	23449632	1	4.4435434	6.056528	5.1361384	DifEn
Adam32	8	24948804	24836140	0	-6.9096155	-0.5405698	-4.7948	DifEn
Zfp703	8	26977336	26981461	1	-0.49764818	2.1786976	0.18456954	DifEn
Unc5d	8	29219338	28646717	0	-3.6109211	0.111825615	-4.5511465	DifEn
Tusc3	8	39005867	39165112	1	4.064211	5.7511454	4.160464	DifEn
Mtus1	8	41133726	40990914	0	-1.7304233	1.2108622	-3.6003845	DifEn
Slc25a4	8	46211284	46206797	0	5.933414	7.8715215	7.30046	DifEn
Wdr17	8	54887184	54629055	0	-2.9708872	0.03900068	-4.3163433	DifEn
Tll1	8	64205993	64014770	0	-7.629025	-0.6588975	-5.9012322	DifEn
Zfp964	8	69659263	69664170	1	-7.56681	0.6928245	-1.9445103	DifEn
Fcho1	8	71725716	71708387	0	-2.4284358	0.4449019	-5.067659	DifEn
Hhip	8	80058006	79966115	0	-3.297699	0.46844244	-3.022418	DifEn
Gab1	8	80880479	80764434	0	-0.6390565	2.1332529	-0.20195127	DifEn
Palm3	8	84021471	84030295	1	0.03187785	2.4606843	-0.86806583	DifEn
Dand5	8	84822823	84815405	0	1.2751908	3.4466813	0.57491636	DifEn
Fbxw9	8	85060055	85067124	1	1.5683097	3.7677119	1.9240205	DifEn
Sall1	8	89044162	89027248	0	3.0423222	4.374546	2.422157	DifEn
Ccl22	8	94745590	94751699	1	-8.282219	-0.24255057	-8.669904	DifEn
Gpr56	8	94977109	95014208	1	-0.863081	3.0581377	-0.38348648	DifEn
Ccdc135	8	95055103	95078141	1	-3.8912451	3.74734	-5.1020517	DifEn
Kifc3	8	95142540	95099832	0	-2.7785566	1.9314486	-2.1231723	DifEn
Ccdc113	8	95534100	95558888	1	-3.6739874	2.4624991	-7.7986374	DifEn
Prss54	8	95575455	95559133	0	-7.59306	-0.79285693	-7.9807444	DifEn
Lrrc36	8	105413571	105464086	1	-8.414921	0.07333878	-8.802605	DifEn
Tppp3	8	105471526	105467493	0	-1.8682133	6.604879	-1.1098193	DifEn
Zdhhc1	8	105484350	105472481	0	-1.1549947	2.5888705	0.37033767	DifEn
Hsd11b2	8	105518746	105523984	1	0.65872055	4.080412	1.372215	DifEn
Tsnaxip1	8	105827744	105844676	1	-4.8871074	1.2604467	-2.0523992	DifEn
Esrp2	8	106136974	106130319	0	-1.6212901	1.79189	-1.346903	DifEn
Cdh1	8	106603351	106670246	1	5.4614544	6.314531	2.3031297	DifEn
Tmed6	8	107065644	107061484	0	-6.852421	1.69672	-7.2401056	DifEn
Hp	8	109579172	109575130	0	-7.4904485	1.6789886	-6.7261295	DifEn
Calb2	8	110168206	110142539	0	-0.2792537	3.9681375	0.49165386	DifEn
Adamts18	8	113848615	113697126	0	-3.4549963	0.18802343	-8.796877	DifEn
Dynlrb2	8	116505015	116515896	1	-0.73147285	7.4030285	-0.96715397	DifEn
Hsd17b2	8	117701946	117759029	1	-7.4211326	-0.29900146	-7.8088174	DifEn
Hsbp1	8	119344538	119348927	1	6.2946415	6.9756556	6.227573	DifEn
Hsdl1	8	119575200	119561979	0	2.3393211	4.556353	1.4162185	DifEn
Cotl1	8	119840579	119809225	0	3.4832613	5.7236633	2.7577806	DifEn
Map1lc3b	8	121590468	121598047	1	6.9548497	7.602586	6.972347	DifEn
Cyba	8	122432940	122424772	0	3.4510853	5.0243635	3.508451	DifEn
Dbndd1	8	123515463	123504718	0	0.11001138	2.1535435	-1.5541908	DifEn
Gas8	8	123518835	123536649	1	3.990015	5.1435547	3.875798	DifEn
Kbtbd3	9	4309743	4331721	1	0.45276856	2.9234505	1.0130376	DifEn
2200002K05Rik	9	15239045	15259393	1	-2.9355197	0.49544954	-8.429403	DifEn
Ccdc151	9	22002634	21989871	0	-0.5426946	4.6163745	-0.9463207	DifEn
Glb1l2	9	26806468	26763044	0	-3.7843995	0.9691535	-3.2052507	DifEn
Adamts15	9	30922452	30899155	0	0.2422763	3.8127267	-0.7159308	DifEn
Tmem45b	9	31464238	31426199	0	-2.6113906	0.17947452	-8.105275	DifEn
Spa17	9	37613720	37603295	0	2.6742868	5.652498	2.2646601	DifEn
Ubash3b	9	41161697	41011098	0	-1.0752052	1.971874	-0.32194677	DifEn
Sorl1	9	42124297	41964720	0	-0.82145816	1.9385726	-2.4265604	DifEn
Sc5d	9	42264300	42254177	0	3.4738655	4.687717	3.4844594	DifEn
Ift46	9	44767908	44792714	1	2.5050962	4.0682178	2.5562294	DifEn
Apoa1	9	46228580	46230466	1	-1.970737	5.279201	-3.6994584	DifEn
Apoc3	9	46235636	46232933	0	-7.085047	0.068793364	-7.4727306	DifEn
Apoa4	9	46240696	46243459	1	-7.924958	1.4057592	-8.312643	DifEn
Nnmt	9	48605153	48591877	0	-7.7212567	-0.024889104	-8.108941	DifEn
Ttc12	9	49486225	49436963	0	-0.8072473	2.7818882	-1.922708	DifEn
1600029D21Rik	9	50494525	50505639	1	-0.09694866	4.8909492	-0.5777423	DifEn
Bco2	9	50555181	50533087	0	-4.9956884	-0.1954854	-4.135445	DifEn
Il18	9	50575273	50581837	1	-1.4269817	2.6437504	-0.88392884	DifEn
Pih1d2	9	50617321	50625000	1	1.3713378	4.0997033	1.5132821	DifEn
Dixdc1	9	50739517	50662752	0	-1.922385	1.7151567	-0.6184082	DifEn
Elmod1	9	53975301	53911460	0	-4.718691	3.1068363	-5.106375	DifEn
Dnaja4	9	54698873	54716315	1	-3.056128	2.9884937	-3.1900556	DifEn
Lingo1	9	56685253	56618475	0	-1.2203425	1.5467929	-1.3367248	DifEn
Ccdc33	9	58118823	58028677	0	-2.870934	1.4471172	-1.5784987	DifEn
Islr	9	58159221	58156265	0	-8.300103	1.0444202	-6.950822	DifEn
Bbs4	9	59353508	59321966	0	2.9806485	4.4232845	3.1297987	DifEn
Dapk2	9	66158223	66272242	1	-3.332961	1.212428	-4.943038	DifEn
Fam81a	9	70142560	70089310	0	0.2228126	2.6708353	-3.039341	DifEn
Lipc	9	70934808	70798129	0	-8.005343	-0.85150355	-8.393028	DifEn
Dyx1c1	9	72958785	72973064	1	0.5439534	3.5792038	-0.15840147	DifEn
Gm5918	9	72985376	72979724	0	3.1086776	7.307875	3.3026896	DifEn
Rab27a	9	73044865	73097592	1	1.6414791	3.5489295	0.9863624	DifEn
2410004A20Rik	9	73101836	73104443	1	-8.104127	0.35904065	-8.491812	DifEn
Lysmd2	9	75625732	75637773	1	3.109382	4.7971106	3.5854073	DifEn
Cd109	9	78615546	78716253	1	-3.1297264	2.0664053	-1.7563496	DifEn
Myo6	9	80165031	80311729	1	-0.33551744	1.8493909	-2.2558699	DifEn
Irak1bp1	9	82829806	82847688	1	3.3617117	4.6683693	3.1011472	DifEn
Sh3bgrl2	9	83548338	83600292	1	2.3412933	3.8276432	1.5692823	DifEn
Tpbg	9	85842380	85847055	1	2.533011	4.1027966	2.0212095	DifEn
Rwdd2a	9	86572053	86574896	1	1.1307431	2.856727	0.91897684	DifEn
Ctsh	9	90054152	90076089	1	-1.734634	3.4405253	-0.96916145	DifEn
1600029I14Rik	9	99456243	99474751	1	-5.872014	2.7993758	-7.996664	DifEn
Nphp3	9	104002544	104043730	1	-0.5906137	2.1781764	-0.7551131	DifEn
Nek11	9	105395524	105162467	0	-3.2768958	1.3193762	-2.994729	DifEn
Abhd14a	9	106447678	106440051	0	4.4910393	5.477264	4.1483116	DifEn
Tex264	9	106685948	106658747	0	1.4601824	4.2426267	2.1859078	DifEn
Zmynd10	9	107547310	107551319	1	-4.915457	5.1504617	-8.262499	DifEn
Slc38a3	9	107668968	107650639	0	0.6847236	3.282532	-1.418263	DifEn
Dag1	9	108263924	108205955	0	3.5918245	4.732858	3.4199898	DifEn
Klhdc8b	9	108452377	108447658	0	-0.29754668	3.4823472	-2.4170346	DifEn
Dalrd3	9	108569892	108572771	1	4.4213085	6.573427	4.0007644000000004	DifEn
Tmem89	9	108914619	108915563	1	-6.0186634	0.5040052	-6.5583515	DifEn
Kif9	9	110476994	110525179	1	-5.372175	1.8465292	-2.7054117	DifEn
Cmtm6	9	114731203	114749343	1	3.9423697	5.539014	4.3005443	DifEn
Dlec1	9	119102478	119148246	1	-2.5270023	0.6954338	-3.4590073	DifEn
Ttc21a	9	119937606	119967793	1	-3.9851837	1.2673963	-4.057995	DifEn
Sec22c	9	121705490	121680047	0	-0.43157542	1.9499981	-0.38260373	DifEn
Ccdc13	9	121839461	121797627	0	-4.2267065	1.3883265	-3.1911793	DifEn
Zfp167	9	122888471	122896124	1	-0.9812721	1.3164306	-0.9726035	DifEn
Lztfl1	9	123717625	123694416	0	2.6403065	3.9987204	2.3177722	DifEn
Iyd	10	3540240	3554877	1	-7.763652	0.095444836	-8.151337	DifEn
9130014G24Rik	10	10472326	10335703	0	-5.4559283	0.6002196	-4.000338	DifEn
Stx11	10	12964259	12939983	0	-3.2667232	0.27044562	-6.976335	DifEn
Perp	10	18845071	18857073	1	2.1798463	5.3074155	1.6613146	DifEn
Stx7	10	24149317	24188959	1	2.6090074	4.675381	3.0333798	DifEn
Samd3	10	26229707	26272172	1	-1.3161646	5.5508285	-0.22623187	DifEn
Arhgap18	10	26753421	26918648	1	-0.018780017	2.301233	0.27121723	DifEn
Rsph4a	10	33905111	33916021	1	-2.2890291	4.846187	-9.320569	DifEn
AI317395	10	40025268	40001575	0	-4.5540032	-0.81699413	-8.901046	DifEn
9030224M15Rik	10	40683282	40811083	1	-2.5255744	2.7536006	-1.6094778	DifEn
Akd1a	10	41316247	41348269	1	-7.7321997	2.494268	-4.2674413	DifEn
Akd1b	10	41351711	41433288	1	-5.9443808	-0.89625037	-7.3320656	DifEn
Ppil6	10	41490439	41514284	1	-0.8759102	1.8129318	-2.9334457	DifEn
Lace1	10	42478565	42312585	0	-0.8329145	2.329333	0.38004535	DifEn
Cd24a	10	43579169	43584262	1	8.040462	9.317733	8.218517	DifEn
Prdm1	10	44528501	44437177	0	-7.7853546	1.3817532	-3.9506469	DifEn
Rfx6	10	51677756	51730429	1	-3.8237185	0.121682584	-6.298866	DifEn
Smpdl3a	10	57794335	57811830	1	-0.5412751	3.410931	1.1349876	DifEn
Pla2g12b	10	59403660	59421976	1	-4.832288	4.623267	-2.7345452	DifEn
Pcbd1	10	61089343	61094328	1	4.412393	6.3407187	2.8221018	DifEn
Tbata	10	61171954	61188841	1	-8.343569	1.5721118	-8.731253	DifEn
Nodal	10	61417972	61425338	1	1.5823064	4.880963	-1.5602654	DifEn
Hkdc1	10	62422491	62383137	0	-9.272508	0.619396	-3.9053037	DifEn
Srgn	10	62527451	62493833	0	-8.199867	3.4105508	-3.6281934	DifEn
Stox1	10	62726128	62659043	0	-2.7482975	0.79410785	-3.0104506	DifEn
Dnajc12	10	63382443	63408840	1	0.44982195	3.4465034	1.916695	DifEn
Bicc1	10	71159700	70922832	0	-1.8312023	3.3293426	-0.44965234	DifEn
Rab36	10	75037058	75054748	1	-1.4519621	2.7259364	-1.5783811	DifEn
Cstb	10	78425670	78427619	1	6.6734433	7.9342456	7.1505837	DifEn
Gzmm	10	79689020	79695261	1	-4.1488357	2.3781989	-2.8140538	DifEn
Bsg	10	79704491	79711969	1	8.139232	8.544925	8.097764	DifEn
Abca7	10	79996494	80015572	1	-2.2932613	0.7757585	-4.698433	DifEn
Gpx4	10	80047166	80056439	1	6.602228	7.444781	6.8080397	DifEn
Reep6	10	80329953	80336441	1	1.0000325	2.977995	-0.5545942	DifEn
Tle2	10	81574561	81590845	1	-3.9354227	0.5205997	-5.689889	DifEn
Tle6	10	81601073	81590904	0	-2.4952645	0.8869837	-4.7574177	DifEn
Tcp11l2	10	84576626	84614359	1	-3.4091532	-0.1501911	-5.2748847	DifEn
Gm872	10	93081618	92775619	0	-8.182019	-0.53381896	-11.306669	DifEn
Plxnc1	10	94944578	94790872	0	-2.5786092	0.49475247	-5.415601	DifEn
Btg1	10	96617001	96622813	1	2.2221475	4.1526194	2.158336	DifEn
Kitl	10	100015630	100100413	1	-0.7089873	5.044295	2.6653645	DifEn
Rassf9	10	102512222	102546560	1	-2.5694237	0.7114052	-1.9910554	DifEn
Lrriq1	10	103236322	103063198	0	-1.7558569	2.606789	-5.52497	DifEn
Acss3	10	107123668	106936164	0	-1.1155416	1.3426359	-2.1553028	DifEn
Caps2	10	112163621	112216555	1	-8.8398285	-0.59484076	-5.905585	DifEn
Lgr5	10	115587780	115450311	0	-1.1075999	3.0362833	-0.91872424	DifEn
Cpm	10	117629500	117687352	1	-0.5733866	2.7882905	-1.2009934	DifEn
Slc39a5	10	128401224	128395934	0	-5.2039156	1.7979213	-5.8139925	DifEn
Myl6	10	128493875	128490860	0	7.788923	8.463482	8.032211	DifEn
Suox	10	128673918	128669887	0	-0.91621375	1.6093669	-1.725362	DifEn
Ormdl2	10	128821631	128817457	0	5.6290765	6.400364	5.299193	DifEn
Limk2	11	3409189	3344256	0	1.4550055	3.1655605000000002	1.3962489	DifEn
Dusp18	11	3895240	3901296	1	0.16999975	3.8574798	1.8275447	DifEn
Sec14l4	11	4031462	4048024	1	1.5899495	3.8266978	2.131562	DifEn
Ccdc157	11	4160293	4141123	0	0.28741845	3.1147444	-0.02837278	DifEn
Lif	11	4257557	4272514	1	-9.186004	-0.7613103	-9.5736885	DifEn
Rasl10a	11	5058128	5060385	1	-7.5637503	-0.37888345	-7.951435	DifEn
H2afv	11	6444443	6427226	0	7.381313	7.8943887	7.3617234	DifEn
Pkd1l1	11	8973266	8826708	0	-4.9885774	2.6951115	-5.710681	DifEn
Sun3	11	9048991	9016054	0	-6.290387	1.55421	-1.4686182	DifEn
Upp1	11	9118103	9136170	1	1.9934757	7.3665295	4.15767	DifEn
Cobl	11	12464960	12236608	0	-3.1570096	0.49410224	-7.1561284	DifEn
Wdpcp	11	21572235	21898989	1	-0.7885037	1.9373319	-0.47093135	DifEn
Ccdc104	11	29247409	29221532	0	3.555175	5.0628414	3.48979	DifEn
Kcnmb1	11	33963013	33973641	1	-7.9802804	-0.4145425	-3.8133757	DifEn
Nipal4	11	46166508	46148155	0	-8.849074	0.61409396	-7.4997926	DifEn
Gpx3	11	54902453	54910377	1	3.8117182	5.320239	4.2872586	DifEn
Fam183b	11	58801960	58792797	0	-1.8464788	6.050092	-2.5752	DifEn
Lrrc48	11	60353329	60394341	1	-2.2434995	3.2480438	-1.8184621	DifEn
B9d1	11	61505144	61512931	1	4.7096014	6.7208853	4.5936375	DifEn
Dnahc9	11	66168551	65831282	0	-5.1270204	-0.49346697	-7.126139	DifEn
Wdr16	11	67965651	67924806	0	-1.937286	5.748572	-0.13541652	DifEn
Tmem107	11	69070806	69073293	1	4.1899185	6.77528	4.2462077	DifEn
BC096441	11	69696098	69682577	0	-4.071323	-0.7601578	-5.1370792	DifEn
Tnfsf13	11	69685784	69682846	0	-4.302112	0.06368819	-4.6897964	DifEn
Tekt1	11	72362442	72344722	0	-0.6682451	6.362871	-0.05592944	DifEn
Spns2	11	72489904	72451638	0	-5.1352606	-0.13342352	-4.870868	DifEn
Rph3al	11	75938429	75830999	0	-2.4180257	0.29932025	-6.231975	DifEn
Sdf2	11	78245746	78255496	1	5.069368	6.0454564	5.1578345	DifEn
Vtn	11	78499091	78502324	1	-4.4750338	3.4325528	-8.474153	DifEn
Lgals9	11	78984946	78962974	0	-1.7991192	1.9854021	-2.7815473	DifEn
Hnf1b	11	83850063	83905917	1	-5.17427	2.9253905	-3.8921032	DifEn
Dhrs11	11	84828994	84820856	0	0.94539845	3.181431	0.86404556	DifEn
Car4	11	84957786	84966044	1	7.607325	9.735859	7.843636	DifEn
Dhx40	11	86807696	86768846	0	3.3205388	4.8952136	3.3633502	DifEn
Mks1	11	87853215	87863803	1	1.5670863	3.483197	1.8471965	DifEn
Nog	11	89302559	89300638	0	-2.5701919	4.453988	-0.84239906	DifEn
Ankfn1	11	89639631	89420987	0	-5.8456516	-0.56002176	-8.707267	DifEn
Mycbpap	11	94521742	94501347	0	-2.7571678	0.7974582	-4.2089825	DifEn
B4galnt2	11	95914891	95865943	0	-3.6970708	0.9906574	-4.762827	DifEn
Gip	11	96024545	96030831	1	-6.5233707	-0.19265303	-3.4371238	DifEn
Calcoco2	11	96111964	96099326	0	-3.6098697	1.6232924	-2.3828444	DifEn
Ttll6	11	96133786	96165451	1	-6.860465	0.3389091	-9.400153	DifEn
Lrrc46	11	97041407	97034602	0	-1.9385884	4.873587	-7.7185903	DifEn
Krt19	11	100148665	100140810	0	-1.8502086	4.457687	0.69055367	DifEn
Krt42	11	100269871	100262882	0	-5.4099083	0.22217198	-8.271523	DifEn
Ttc25	11	100545607	100572568	1	-0.8604429	3.6847653	-1.0076631	DifEn
Vps25	11	101253707	101259549	1	6.592996	7.259889	6.495752	DifEn
Wnk4	11	101260567	101277409	1	-2.4262428	0.87919563	-2.5849016	DifEn
Ccdc103	11	102881204	102885216	1	0.1401715	4.878124	0.71168095	DifEn
Fam187a	11	102885169	102886731	1	-7.7093067	-0.9497455	-8.096991	DifEn
Cyb561	11	105953336	105933702	0	2.0959833	4.6827602	-1.5331273	DifEn
Cd79b	11	106314762	106311341	0	-4.6226544	1.1980127	-3.0628064	DifEn
Cpsf4l	11	113710017	113698172	0	-1.6709528	1.9715785	-2.5372908	DifEn
Dnaic2	11	114727408	114757889	1	-5.78262	2.2034492	-9.644236	DifEn
Gprc5c	11	114851152	114872617	1	2.926417	5.444367	3.3957407	DifEn
Cd300e	11	115062177	115051917	0	-8.127111	-0.17490448	-6.040864	DifEn
Myo15b	11	115861612	115892603	1	-10.022161	-0.60398	-7.087917	DifEn
2210020M01Rik	11	115899966	115906269	1	-2.9907207	3.2187371	-4.3218217	DifEn
Evpl	11	116238077	116220559	0	-5.1280146	-0.43674612	-4.2472105000000004	DifEn
Foxj1	11	116335399	116330704	0	0.5753796	7.2228136	0.21199387	DifEn
Sphk1	11	116530925	116536674	1	-9.320188	-0.80726635	-4.385944	DifEn
Syngr2	11	117809668	117814283	1	5.1944685	6.1668487	4.8091755	DifEn
Ccdc40	11	119228572	119265236	1	1.0908068	3.3054879	0.5987857	DifEn
Nptx1	11	119547753	119538719	0	-1.6814964	0.8615488	-1.7066104	DifEn
Myadml2	11	120648158	120646031	0	-5.3164353	-0.25319788	-7.4410853	DifEn
Dcxr	11	120727281	120725399	0	2.0628521	4.2690477	2.2931452	DifEn
Uts2r	11	121160271	121161973	1	-7.8330674	-0.67922723	-8.220752	DifEn
Apob	12	7977648	8016835	1	-7.5435987	1.5162957	-7.7792797	DifEn
Wdr35	12	8973892	9028847	1	1.686966	3.676436	1.4408692	DifEn
Atp6v1c2	12	17329359	17284721	0	-3.9626164	0.51565844	-2.6223805	DifEn
Efcab10	12	33394854	33401269	1	4.845731	8.211314	3.0833542	DifEn
Arl4a	12	40038025	40005447	0	1.3863322	4.608573	1.1578287	DifEn
Nfkbia	12	55492647	55489411	0	2.9592621	5.155441	3.807019	DifEn
Foxa1	12	57546121	57540631	0	-7.0006747	2.9383972	-1.7541533	DifEn
Rpl10l	12	66284401	66283381	0	-6.9429684	-0.82083744	-7.482656	DifEn
Pygl	12	70231488	70190811	0	-0.032592982	3.7973704	0.34770152	DifEn
Lrrc9	12	72441866	72514334	1	-1.6828332	1.9858044	-1.8187543	DifEn
Six1	12	73053887	73036929	0	-7.037479	0.8245	-2.0987341	DifEn
Prkch	12	73584797	73778185	1	-2.1701262	1.5840424	-2.9068182	DifEn
Dbpht2	12	74297474	74300468	1	-2.5886512	0.89562255	-9.035229	DifEn
Ppp1r36	12	76417599	76439473	1	-2.5760555	1.5756199	-7.973724	DifEn
Plekhg3	12	76533560	76579039	1	-0.5318729	2.6562161	0.3431861	DifEn
Gpx2	12	76795554	76792335	0	1.4732343	6.4105735	-2.8706684	DifEn
Smoc1	12	81026808	81186414	1	1.0261428	5.202009	1.1176263	DifEn
Slc8a3	12	81333180	81197915	0	-5.66944	1.3086811	-5.182655	DifEn
2900006K08Rik	12	84409071	84433780	1	-2.6802976	0.763212	-2.3728364	DifEn
Fam164c	12	85288591	85299358	1	-3.9072037	2.573574	-2.0724952	DifEn
Samd15	12	87200750	87201943	1	-3.3614335	1.9019434	-4.9715104	DifEn
Ttc8	12	98920574	98983238	1	1.9466499	3.8828151	2.1344826	DifEn
Calm1	12	100199435	100209806	1	6.8502264	7.7220335	6.8242164	DifEn
4831426I19Rik	12	105009809	104929949	0	-4.336393	-0.7226029	-9.920475	DifEn
Ak7	12	105705982	105782447	1	-5.7346377	2.8596098	-5.4702454	DifEn
Eml1	12	108370957	108539617	1	1.1046283	2.913341	0.9360171	DifEn
Stk30	12	110840939	110807798	0	-1.6362463	2.8213887	-0.004929782	DifEn
Amn	12	111271111	111276426	1	-2.8077533	3.3690464	0.4223148	DifEn
Crip2	12	113140236	113145504	1	6.518968	7.2547255	4.6080284	DifEn
Crip1	12	113152012	113153877	1	5.2295513	6.4510884	3.9915738	DifEn
Wdr60	12	116263025	116207050	0	1.1366801	2.9028664	0.9158317	DifEn
Akr1c13	13	4191184	4205596	1	-7.5504155	1.9378434	-7.9381	DifEn
Akr1c19	13	4228700	4248681	1	-1.8708678	3.402051	-0.19057539	DifEn
Akr1c12	13	4279433	4268172	0	-7.404126	0.5660019	-7.791811	DifEn
Gng4	13	13784059	13827897	1	-8.604074	1.409477	-7.991758	DifEn
Stard3nl	13	19395752	19357677	0	6.199041	6.9260125	5.9920936	DifEn
Elmo1	13	20090507	20608353	1	1.3382537	4.2373924	2.0943122	DifEn
Hist1h2bm	13	21722098	21722478	1	1.717556	3.3411307	1.0222043	DifEn
Hist1h4j	13	21735062	21735837	1	-0.66447145	1.9535284	-2.6868713	DifEn
Agtr1a	13	30336441	30382867	1	-3.823426	0.920743	-1.6845646	DifEn
Serpinb6c	13	33905708	33879816	0	-7.541111	0.4110948	-4.7767925	DifEn
Eci3	13	34963810	34946614	0	-5.8318806	0.2512563	-2.9465468	DifEn
Dsp	13	38151328	38198577	1	-1.1939304	2.9571605	0.7878945	DifEn
Slc35b3	13	38960875	38932140	0	2.271276	4.072375	2.6838884	DifEn
Mak	13	41079706	41025120	0	-0.7300796	4.2739353	-1.5954134	DifEn
Nedd9	13	41487320	41309916	0	-5.6898937	0.99072784	-2.2890823	DifEn
Rnf182	13	43615710	43670945	1	-4.677122	0.19750589	-5.2453785	DifEn
Gmpr	13	45507444	45546382	1	1.137401	3.7126884000000002	1.5046041000000001	DifEn
Atxn1	13	45964991	45549758	0	-4.5917377	1.0488807	-5.006903	DifEn
Gm1574	13	46273721	46300115	1	-7.511774	1.1519268	-5.4255276	DifEn
Shc3	13	51567084	51431041	0	-7.685106	1.2119586	-7.920787	DifEn
Higd2a	13	54590207	54591158	1	7.078041	7.7022347	7.108774	DifEn
Fgfr4	13	55152640	55168759	1	-8.889553	0.12442916	-4.601672	DifEn
Kif27	13	58354862	58287516	0	-3.4559662	2.629186	-1.77186	DifEn
Zfp759	13	67128228	67141787	1	0.47939077	2.4413299999999998	-0.002554224	DifEn
Bhmt2	13	93674302	93655720	0	-8.215743	3.9963942	-2.1439962	DifEn
Dmgdh	13	93674433	93752831	1	-5.098641	0.2622771	-6.749359	DifEn
Cd180	13	102693558	102739629	1	-8.0857935	-0.6302384	-5.8885155	DifEn
Ccno	13	112987802	112990778	1	0.23463677	5.3834214	-0.7571188	DifEn
Gm6320	13	112993868	113000394	1	-4.978175	-0.011613743	-8.687787	DifEn
Gzmk	13	113225908	113171608	0	-4.80207	0.37664476	-6.7747164	DifEn
Emb	13	117220625	117274098	1	8.969475	11.558433	9.730391	DifEn
Fam107a	14	8318023	8296274	0	-0.9053174	2.1675444	-1.1869144	DifEn
Oit1	14	8378763	8348948	0	-2.1067846	2.5505464	-7.7757554	DifEn
Fhit	14	11162035	9550092	0	-2.5823755	0.6037188	-2.5550222	DifEn
Nek10	14	14820765	15006743	1	-7.8432813	-0.8002219	-7.8159285	DifEn
Kcnk5	14	20181782	20140058	0	1.37301	3.2528634	1.0641958	DifEn
Kcnk16	14	20269162	20262756	0	-6.8789244	3.351267	-5.114605	DifEn
Ttc18	14	20452226	20394190	0	-2.9348836	1.4332085	-3.7095912	DifEn
Hesx1	14	27000362	27002329	1	1.0565867	6.032755	-1.5840783	DifEn
Il17rb	14	30008896	29996141	0	-8.512833	-0.99991125	-8.9005165	DifEn
Lrrc18	14	32991382	33015292	1	-1.8614715	3.725328	-3.740142	DifEn
5730469M10Rik	14	41013788	40993740	0	4.49216	5.796105	2.9545763	DifEn
Dydc2	14	41069074	41049209	0	1.5982327	4.409083	-0.47825006	DifEn
Sftpd	14	41185198	41172212	0	-5.735104	-0.31822962	-7.8597536	DifEn
Klhl33	14	50893255	50891389	0	-5.2709317	-0.47072875	-8.132547	DifEn
Ang	14	51091077	51102007	1	-7.4132214	0.9585237	-7.800905	DifEn
Rnase4	14	51091077	51106151	1	-5.9100976	2.5596993	-8.449785	DifEn
Slc39a2	14	51892889	51896745	1	-2.569044	1.5214148	-0.9061023	DifEn
Slc7a8	14	54781886	54722216	0	-1.4329861	1.501803	-2.4796336	DifEn
Myh7	14	54994634	54970688	0	-4.8055186	-0.24667816	-10.554659	DifEn
Cideb	14	55758458	55754045	0	-0.39316794	2.0531642	-0.56600124	DifEn
Gzmc	14	56234656	56231401	0	-1.5665528	1.5092849	-7.3541675	DifEn
Ift88	14	57424062	57517936	1	1.7842672	3.8138194	2.082799	DifEn
Shisa2	14	59625281	59631658	1	1.4924047	3.9169083	0.45611963	DifEn
Arl11	14	61309753	61311936	1	-7.6325345	1.916607	-8.020219	DifEn
Scara3	14	65953744	65919395	0	-2.1887875	2.3093872	-0.14648399	DifEn
Nudt18	14	70577847	70582571	1	-1.6268272	1.1753644	-1.6169919	DifEn
Dok2	14	70766036	70778495	1	-0.46703964	1.9530542	-0.78243506	DifEn
Itm2b	14	73385271	73362231	0	5.2031527	7.396973	4.8710227	DifEn
Lcp1	14	75131101	75230842	1	-5.3035398	-0.19139251	-3.3792799	DifEn
Scel	14	103513341	103613346	1	-6.9382505	-0.6698989	-9.062901	DifEn
Gpc5	14	115092215	116525179	1	-8.067763	0.6489162	-5.996016	DifEn
Sox21	14	118237030	118233232	0	-8.990608	-0.38305065	-4.6413274	DifEn
Sepp1	15	3268547	3280508	1	3.0297966	5.858973	2.4015725	DifEn
Capsl	15	9436028	9466035	1	3.5975547	7.7123075	3.4815907	DifEn
Spef2	15	9748868	9578193	0	-7.426173	2.1987975	-5.0065026	DifEn
Pdzd2	15	12592556	12357054	0	-5.851191	-0.95145214	-6.461268	DifEn
Dnahc5	15	28203752	28472045	1	-4.3873787	1.5216277	-6.5120287	DifEn
Dap	15	31224385	31274338	1	4.397343	5.876385	3.9723558	DifEn
Ankrd33b	15	31367759	31291479	0	-6.865071	0.82914144	-3.6025014	DifEn
Ropn1l	15	31453689	31441210	0	-0.6476413	2.2559395	-1.4921834	DifEn
Pgcp	15	33083129	33594552	1	-0.68641955	1.7563566	-1.5858175	DifEn
Tspyl5	15	33687883	33683876	0	0.3177514	3.3825858	-0.91984814	DifEn
Spag1	15	36179368	36235610	1	-0.3404648	2.257866	-0.7044979	DifEn
Ncald	15	37792570	37366175	0	-6.0172195	0.8717518	-2.2851644	DifEn
Lrrc6	15	66500910	66379858	0	-5.650413	2.2132928	-1.8522308	DifEn
Ndrg1	15	66969640	66929321	0	0.14579846	6.1203327	1.0947388	DifEn
Lypd2	15	74734313	74732253	0	0.20068209	4.886115	0.36939114	DifEn
Lynx1	15	74752979	74747856	0	-9.047572	-0.87813497	-9.435256	DifEn
Rhpn1	15	75704280	75714410	1	0.6365638	3.4174755	-0.044586875	DifEn
Mapk15	15	75993769	75999152	1	-6.6847305	2.6452932	-8.809381	DifEn
Fam83h	15	76014336	76001093	0	-2.1230628	1.1299992	-1.2392842	DifEn
Slc39a4	15	76616852	76612385	0	1.9891398	4.1803164	1.0137787	DifEn
Ift27	15	78174108	78159465	0	4.801548	5.975393	4.6337695	DifEn
Mpst	15	78406712	78414002	1	3.3302608	4.7464833	2.820841	DifEn
Cdc42ep1	15	78842647	78850902	1	-1.2036674	3.4189975	1.8641301	DifEn
Micall1	15	79108972	79136897	1	-1.3309327	1.567427	-1.2216793	DifEn
4933432B09Rik	15	79658956	79609576	0	-3.4181077	0.35453966	-2.4838638	DifEn
Dnalc4	15	79777849	79761453	0	3.0191154	4.3994765	3.1139698	DifEn
Mchr1	15	81235499	81238963	1	-2.0884023	1.3121934	-4.260358	DifEn
Ndufa6	15	82354291	82350139	0	7.5852933	8.120323	7.372276	DifEn
Cyp2d26	15	82794245	82790107	0	-7.7830763	0.6800916	-8.170761	DifEn
A4galt	15	83251774	83226726	0	-1.7094175	3.1967988	0.011422806	DifEn
Arfgap3	15	83350247	83299740	0	-1.5735304	3.0191743	1.2665148	DifEn
Tspo	15	83563573	83574201	1	6.1804395	6.9067235	5.847933	DifEn
Pnpla3	15	84167816	84189512	1	-5.667679	1.4570727	-2.7203789	DifEn
Upk3a	15	85017141	85022560	1	-7.058337	3.3328273	-3.1980941	DifEn
Ribc2	15	85132099	85144569	1	-7.637199	1.0984633	-8.176887	DifEn
Creld2	15	88819646	88826681	1	5.9773498	7.097942	5.9166	DifEn
Odf3b	15	89379254	89377450	0	-2.9681814	2.8229764	-0.755953	DifEn
Arsa	15	89477425	89472476	0	-0.18536131	3.1613166	1.1073365	DifEn
Rabl2	15	89591923	89582533	0	3.679711	5.4162254	3.614523	DifEn
Ccdc65	15	98708207	98723326	1	-1.6816249	3.7966502	-4.6340938	DifEn
Grasp	15	101224207	101232755	1	0.80558753	3.65002	0.5101616	DifEn
Krt7	15	101411043	101430313	1	-1.0369173	1.7646788	-2.5181758	DifEn
4732456N10Rik	15	101562950	101552356	0	-4.1669393	-0.8692367	-8.79409	DifEn
Krt8	15	102004342	101996711	0	3.7158055	9.260395	6.4539676	DifEn
Krt18	15	102028216	102032026	1	4.9062243	8.971884	6.1670084	DifEn
Soat2	15	102150526	102163474	1	-1.8724205	1.534971	-3.3624666	DifEn
Itgb7	15	102231935	102215995	0	-7.3687406	-0.78194106	-8.908428	DifEn
Ppp1r1a	15	103537992	103530279	0	3.506039	5.6599426	3.1584768	DifEn
AC163723.1	16	5007316	5008306	1	2.1374106	3.7437506	1.2446876	DifEn
Ppl	16	5132481	5086291	0	-2.44412	0.5982086	-9.950746	DifEn
Emp2	16	10313968	10281749	0	-2.4859412	2.175198	-2.7976766	DifEn
Efcab1	16	14906637	14925879	1	-0.24276249	5.53454	-1.6883941	DifEn
Spag6	16	16829456	16753016	0	-3.8922498	2.9577725	-2.7889478	DifEn
4930451C15Rik	16	17561247	17544465	0	-4.2476916	1.244939	-9.279232	DifEn
Fam131a	16	20693282	20703048	1	-0.8405029	2.1717505	-1.9802598	DifEn
Clcn2	16	20717746	20702964	0	1.0494406	3.1923983	0.13699314	DifEn
Thpo	16	20734511	20725158	0	-0.76796955	4.728912	-2.2238255	DifEn
Chrd	16	20733127	20742384	1	-0.6004789	5.9327044	-1.2131492	DifEn
Ephb3	16	21204755	21223305	1	0.36639836	2.7758706	0.2338512	DifEn
Liph	16	21995542	21953826	0	-3.344472	-0.291961	-6.2240095	DifEn
Fetub	16	22918382	22939766	1	-4.8488226	1.7638788	-4.3296165	DifEn
Fgf12	16	28445227	28160120	0	-2.8850167	0.31572422	-2.5071664	DifEn
Hes1	16	30064384	30067796	1	2.6256702	4.935448	3.2866733	DifEn
Tctex1d2	16	32419702	32429099	1	2.8512251	4.7589	2.2908309	DifEn
Iqcg	16	33056218	33015385	0	0.63748324	4.7498894	1.2805892	DifEn
Muc13	16	33794037	33819934	1	-8.668111	1.3064632	-9.055796	DifEn
4932425I24Rik	16	38342143	38297754	0	-5.1868796	2.9543602	-3.3939917	DifEn
Gramd1c	16	44027945	43980350	0	-3.6424794	-0.11357843	-3.182167	DifEn
Wdr52	16	44394796	44482428	1	-4.2713394	3.3003905	-6.6865044	DifEn
Cd200r3	16	44943678	44981380	1	-5.0346646	-0.5239679	-10.033784	DifEn
Ift57	16	49699233	49765126	1	1.5951301	4.726866	1.7559533	DifEn
Cldn8	16	88563183	88560828	0	-6.149325	0.24781294	-8.689013	DifEn
Slc5a3	16	92058322	92087473	1	1.512098	5.2604575	3.514183	DifEn
Kcne1	16	92359468	92346001	0	-8.740805	0.0693824	-4.976486	DifEn
Rcan1	16	92466146	92391953	0	2.241408	4.3445015	2.6708596	DifEn
Clic6	16	92485736	92541243	1	0.05794959	3.3615167	-0.8856096	DifEn
Tmprss2	16	97611195	97564684	0	-1.9142423	4.91565	-8.960138	DifEn
T	17	8434423	8442496	1	5.7789426	8.434136	7.1849866	DifEn
Pacrg	17	10840311	10403012	0	-1.1061554	2.7550385	-3.3683088	DifEn
Hcfc1r1	17	23673596	23675227	1	5.210963	6.425258	4.917315	DifEn
Tnfrsf12a	17	23677449	23675447	0	2.1637743	5.1876373	0.07565035	DifEn
Cldn6	17	23679365	23682446	1	7.8889117	9.400209	2.2570846	DifEn
Cldn9	17	23684026	23682584	0	-0.29230997	5.374954	-7.9817443	DifEn
Dcpp1	17	23880876	23882853	1	-3.8944	4.3090706	0.1508751	DifEn
Dcpp3	17	23917458	23919441	1	-3.3925123	6.2769985	1.2950916	DifEn
Hs3st6	17	24753003	24758683	1	-7.350687	2.9378026	-3.7790134	DifEn
Ccdc154	17	25162461	25171913	1	-8.338206	1.3199776	-8.72589	DifEn
Tekt4	17	25471590	25476594	1	-3.4409392	4.187083	-7.916086	DifEn
Wdr90	17	25861501	25844771	0	1.407813	3.1010764	1.3019599	DifEn
Nhlrc4	17	25944961	25942233	0	-8.277869	-0.975166	-6.5135503	DifEn
Itfg3	17	26244223	26211822	0	1.7751218	3.7155418	1.7655435	DifEn
Spdef	17	27728951	27714352	0	-2.1599555	2.5726676	-3.9067206	DifEn
Tcp11	17	28080639	28066747	0	-1.6545604	2.7014587	-1.7943174	DifEn
Clps	17	28560766	28558210	0	-6.202492	1.0424955	-6.438174	DifEn
Mapk13	17	28769307	28778698	1	1.8914356	3.637716	-1.6876749	DifEn
Pi16	17	29318877	29329413	1	-2.8422003	1.1207324	-2.5410862	DifEn
Rsph1	17	31277356	31255019	0	1.771805	4.1060863	-1.9050514	DifEn
Tapbp	17	33915899	33929288	1	0.9093298	2.996858	1.1659658	DifEn
Ddah2	17	35059035	35062095	1	5.1958075	6.0631547	5.0130696	DifEn
Ly6g6d	17	35078065	35071443	0	-1.4415187	1.0367563	-7.681646	DifEn
Apom	17	35132050	35128997	0	-2.5619113	4.0939016	-4.756951	DifEn
Lst1	17	35188439	35185095	0	-2.6441689	1.4779621	-4.031853	DifEn
Ltb	17	35194439	35196320	1	-7.5132556	3.1223664	-1.56109	DifEn
H2-T23	17	36032855	36029773	0	-0.5731913	2.2802718	-1.7978172	DifEn
CT010585.1	17	43543639	43534174	0	-4.992688	2.28778	-7.854304	DifEn
Pla2g7	17	43568098	43612201	1	-1.7236034	1.0765995	-8.839208	DifEn
Rsph9	17	46144216	46122035	0	-0.5160444	4.4816046	-3.8930814	DifEn
Gm88	17	46254165	46257316	1	-7.5338326	-0.65562713	-4.962159	DifEn
Unc5cl	17	48454901	48539714	1	-2.694947	1.2339895	-9.141525	DifEn
Kif6	17	49615136	49909847	1	-4.3722672	0.7548016	-2.7702937	DifEn
Efhb	17	53463321	53398889	0	-0.9499149	3.107517	-2.5628915	DifEn
Plin5	17	56117596	56111601	0	1.207978	3.1513171	-0.5612008	DifEn
Tnfaip8l1	17	56162477	56173955	1	-3.30536	1.0014346	-2.9660625	DifEn
Nrtn	17	56757530	56751325	0	1.5054191	3.483768	0.434708	DifEn
Rfx2	17	56831008	56775897	0	-4.266121	1.5680294	-3.586691	DifEn
Crb3	17	57059105	57065918	1	3.8146389	5.2123704	-4.03902	DifEn
Srd5a2	17	74047916	74017706	0	-6.6852937	3.9015055	-7.2249813	DifEn
Ttc39d	17	80207460	80217936	1	-7.198684	-0.09105231	-8.738371	DifEn
Morn2	17	80290212	80297473	1	2.4498022	5.570844	3.1431615	DifEn
Cdkl4	17	80563834	80523550	0	-2.054988	2.1788032	-6.530135	DifEn
Tmem178	17	80944632	81001816	1	-3.7682314	0.91167754	-8.214809	DifEn
Dync2li1	17	84626496	84655558	1	3.4040647	5.596577	4.2497134	DifEn
Lhcgr	17	88791976	88741549	0	-8.417182	-0.95401424	-8.804867	DifEn
Armc4	18	7297901	7088233	0	-1.7566326	3.632406	-0.44387707	DifEn
Fzd8	18	9212856	9216201	1	-2.6330557	1.0027609	-2.9770184	DifEn
Tmem241	18	12121480	11981303	0	-0.40793106	2.058391	-1.5549737	DifEn
Dsc2	18	20059554	20030633	0	0.8808215	3.336748	0.013857466	DifEn
Ttr	18	20665250	20674324	1	-7.350687	4.55804	-7.738371	DifEn
Proc	18	32139570	32123129	0	-6.5600696	0.31052238	-5.1403995	DifEn
Tslp	18	32815383	32819799	1	-7.2451367	0.7426934	-4.15889	DifEn
Stard4	18	33213862	33199355	0	1.7299663	4.545209	2.710369	DifEn
D0H4S114	18	33464029	33437019	0	4.9242377	7.235966	4.8835235	DifEn
Nme5	18	34579115	34562634	0	1.3233144	6.9344215	1.111072	DifEn
Slc23a1	18	35627244	35614604	0	-2.701198	1.7650042	-1.9296838	DifEn
0610010O12Rik	18	36345619	36402980	1	1.8254871	3.617819	-1.4402388	DifEn
Ndfip1	18	38418975	38464399	1	5.883673	6.625273	5.8664107	DifEn
Fgf1	18	38929404	38838673	0	-3.9201422	-0.5638579	-9.669283	DifEn
Spink3	18	43737237	43728069	0	0.08658688	10.844945	-0.35554525	DifEn
Gramd3	18	56432132	56503792	1	1.2850467	4.2951417	2.9619029	DifEn
Megf10	18	57133090	57297467	1	-5.337651	-0.5820379	-10.400901	DifEn
Synpo	18	60660142	60593973	0	-3.9760916	-0.2364301	-4.968638	DifEn
Il17b	18	61687935	61692537	1	-4.7968674	-0.73362964	-6.7695146	DifEn
Afap1l1	18	61786702	61730261	0	-1.8978738	2.910791	-0.33802557	DifEn
Adrb2	18	62179959	62177817	0	-3.1546364	2.939363	-3.6454144	DifEn
Cplx4	18	65970178	65955727	0	-7.8731685	-0.2886937	-8.10885	DifEn
Ccdc11	18	74283090	74359986	1	-2.024711	2.9316115	-6.6791816	DifEn
Galr1	18	82406777	82392496	0	-8.586542	-0.26976374	-8.974227	DifEn
Fbxo15	18	84935158	84981376	1	-0.06100644	2.4431086	0.077136636	DifEn
Cpt1a	19	3323301	3385732	1	-6.017323	-0.9391347	-9.55701	DifEn
Gal	19	3414472	3409919	0	2.8320937	5.7321787	2.67521	DifEn
Pitpnm1	19	4099998	4113965	1	-0.33972833	1.7894232	-0.6503364	DifEn
Cabp4	19	4139609	4135425	0	-7.5820127	0.40581757	-6.8176937	DifEn
Ccdc87	19	4839366	4842528	1	-2.9304230000000002	1.304875	-9.113967	DifEn
Slc22a8	19	8591254	8611834	1	-8.863247	1.3594882	-9.250931	DifEn
Fth1	19	9982703	9985092	1	9.56757	10.954196	9.931003	DifEn
Best1	19	10001633	9985174	0	-4.018664	-0.16534938	-3.361954	DifEn
Tmem216	19	10556238	10533865	0	4.371366	5.7041574	4.659997	DifEn
Tmem138	19	10577362	10570478	0	4.9668093	6.2655873	4.7235723	DifEn
Pga5	19	10678071	10668957	0	-7.56681	4.5022597	-3.8024914	DifEn
Rfk	19	17394043	17401349	1	4.670819	5.7281456	4.5293694	DifEn
Foxd4	19	24901309	24898965	0	-2.557611	4.335701	-5.2083297	DifEn
Rfx3	19	28011166	27761721	0	1.5292692	4.272425	1.472656	DifEn
Il33	19	29925114	29960718	1	-2.1566548	1.155159	-7.2447786	DifEn
Dkk1	19	30549665	30545863	0	0.9293735	6.416203	2.9490983	DifEn
Slc16a12	19	34747289	34668403	0	-9.083267	-0.68480456	-9.470951	DifEn
Hhex	19	37432887	37440728	1	-0.5224235	3.714385	-0.19936566	DifEn
Exoc6	19	37550418	37683245	1	1.5679002	3.3895466	-0.14541626	DifEn
Tctn3	19	40612233	40596446	0	0.6664195	3.5842962	1.9179746	DifEn
Cpn1	19	43986556	43956307	0	-1.0611148	2.6582985	-7.5985465	DifEn
Wdr96	19	47919287	47737561	0	-4.3329506	0.35272428	-2.6647816	DifEn
Mxi1	19	53310506	53375810	1	0.33310267	2.5618107	-0.6386986	DifEn
Pdcd4	19	53892231	53929861	1	3.4959238	4.895273	3.365033	DifEn
Habp2	19	56287137	56320822	1	-8.739902	1.0851334	-6.9755826	DifEn
9930023K05Rik	19	56461637	56486729	1	-3.6452267	-0.26424888	-8.708476	DifEn
Ablim1	19	57314919	57032733	0	0.92552125	2.7517571	-0.9741011	DifEn
Eno4	19	58943425	58971419	1	-0.37276414	3.0232263	-1.053985	DifEn
Dgkk	66	6779306	6948363	1	-0.18839286	5.6703534	1.4047378	DifEn
Plp2	66	7671390	7667941	0	6.078523	6.9936476	5.860646	DifEn
Hdac6	66	7947889	7930120	0	3.844085	5.526229	2.3620968	DifEn
Gata1	66	7978071	7959260	0	-1.4982443	2.8011916	0.8356965	DifEn
Porcn	66	8206525	8193848	0	1.1441035	3.5185156	0.93294954	DifEn
Rpgr	66	10216920	10073621	0	2.1548138	4.849214	2.1151588	DifEn
Tspan7	66	10485158	10596605	1	3.595292	5.012587	3.157407	DifEn
Gpr34	66	13632089	13640858	1	-8.128491	0.88549066	-4.364173	DifEn
Efhc2	66	17319368	17132049	0	-0.2942007	3.3145063	-3.068466	DifEn
Rgn	66	20549787	20562089	1	-5.012393	0.5533446	-2.4000776	DifEn
Syn1	66	20921004	20860511	0	-2.7042773	0.6180475	-2.48354	DifEn
Akap14	66	37168842	37150698	0	-3.8476658	0.70099854	-4.6828094	DifEn
Rhox5	66	37804851	37808764	1	-0.6683007	6.1972737	1.6164403	DifEn
2610018G03Rik	66	50841047	50893097	1	2.6318185	4.0418096	0.9639215	DifEn
Gpc4	66	52165252	52053021	0	3.268255	5.3208294	3.011754	DifEn
Cxx1c	66	53607922	53609132	1	5.7738075	6.7170653	5.4493446	DifEn
Ddx26b	66	56454857	56507843	1	-0.06731206	3.1463537	1.1117818	DifEn
Ids	66	70365084	70343069	0	-0.4955815	2.1643357	-0.5613378	DifEn
Cetn2	66	72918411	72913532	0	5.420788	6.6587024	5.364205	DifEn
Pnma5	66	73037103	73033981	0	-8.707921	-0.7738626	-9.095606	DifEn
Xlr5a	66	73292976	73107635	0	-7.9470453	-0.8573354	-8.182726	DifEn
F8a	66	73228306	73230795	1	0.9827567	2.871195	0.85891765	DifEn
Abcd1	66	73716597	73738534	1	-1.5294133	2.3194244	-1.3570815	DifEn
Mageb16	66	79671435	79623231	0	-7.873498	0.6815932	-8.413185	DifEn
Tsga8	66	83487924	83486678	0	-7.1626	0.7896064	-7.550284	DifEn
Eda	66	99975606	100400762	1	-4.3618865	1.1498114	-1.3469852	DifEn
Fgf16	66	105764279	105774939	1	-7.7830763	-0.003051273	-8.170761	DifEn
Tmsb15b2	66	136975497	136955265	0	5.660317	6.420724	5.5723543	DifEn
Tmsb15b1	66	136976874	136974022	0	4.7665744	5.825799	4.436822	DifEn
Rnf128	66	139563316	139673145	1	1.1211239	3.2647033	1.0830641	DifEn
Cldn2	66	139800828	139811386	1	-8.798344	1.683684	-1.8741533	DifEn
E230019M04Rik	66	140062879	140106797	1	-2.806139	1.977321	-8.046267	DifEn
Tsc22d3	66	140600659	140539528	0	3.3290107	5.249576	4.218833	DifEn
Amot	66	145505181	145446425	0	1.4884645	5.3256655	3.6532173	DifEn
Ribc1	66	152016295	152004582	0	1.2713223	3.162228	1.1493415	DifEn
Sat1	66	155216449	155213132	0	3.66999	5.2629333	2.9338582	DifEn
