gene	chr	start	end	ecto	endo	meso
Jph1	1	16994938	17097889	2.2649388	1.375706	1.4483949
Rab23	1	33719882	33742564	5.395111	4.61667	5.180259
Tbc1d8	1	39371499	39478747	6.153866	6.1926193	6.0115957
D1Bwg0212e	1	39534992	39546881	5.2398114	5.3952003	5.035463
Map4k4	1	39900913	40026310	6.004911	6.1814346	5.785137
Tmem194b	1	52630705	52651919	3.7555459	4.013542	2.937029
Kctd18	1	57955101	58018956	5.3793774	5.130425	5.2150445
Mpp4	1	59120936	59163389	2.285549	1.9802562	1.708617
Akr1cl	1	65012689	65032759	-2.4754908	-4.932633	-2.3463721
1810031K17Rik	1	75134554	75142368	3.6921206	4.4709115	4.053815
Fam134a	1	75142786	75147909	3.9750862	4.199224	3.8712254
Atg9a	1	75180866	75191923	4.0456567	3.7798939	4.151318
Dnajb2	1	75236465	75244804	-0.006005389	2.2247138	1.0588841
Sh3bp4	1	89070415	89155068	5.9413877	5.812411	5.103167
Gpr39	1	125676995	125873862	0.09085609	0.73270273	-0.30789813
R3hdm1	1	128103306	128237735	6.686804	6.0300817	6.5764327
Ptpn7	1	135132725	135145320	-4.3685756	-1.6472309	-1.1211973
Arl8a	1	135146824	135156269	2.260781	2.1811092	2.1201315
Edem3	1	151755374	151822328	4.3637133	4.6161885	4.4018207
Klhl20	1	161088375	161131511	3.6679907	3.8222542	4.108177
Gpr161	1	165301863	165322930	-0.5465739	0.518578	-0.6310131
Adcy10	1	165485183	165576774	-2.0466473	-3.610705	-3.5558255
Cd247	1	165788681	165877276	3.2534764	2.881148	3.0111794
Dusp12	1	170873498	170885540	4.6005025	4.321214	4.7515173
Alyref2	1	171503478	171504750	1.1683655	-0.26020774	1.3689868
Dcaf8	1	172148015	172196393	6.6763067	6.672731	6.7462425
Atp1a2	1	172271709	172298064	0.10019392	1.5791196	2.230444
Pld5	1	175962306	176275312	-1.2217342	-7.084636	-1.3759165
CAAA01083517.1	1	183326725	183369529	6.1509204	6.5540767	6.4740653
Eprs	1	185363095	185428355	9.062847	8.450632	8.915103
Rps6kc1	1	190700202	190911770	3.7999175	3.9323268	3.8688657
Atf3	1	191170296	191183340	-4.854002	-1.099743	-1.855386
Rd3	1	191977373	191988282	-2.9280028	-0.76270807	-3.970863
Otud1	2	19658062	19660590	1.4052701	1.186308	1.4228848
Pnpla7	2	24976033	25054057	2.3298812	2.4831088	2.5356097
Nelf	2	25054355	25062881	4.2690845	4.874722	4.831788
Rexo4	2	26953563	26964386	6.292184	5.965401	6.245883
Slc2a6	2	27021363	27027998	-0.517719	-0.5575937	-1.1721213
Ppp1r26	2	28446800	28455508	2.7912958	2.88275	2.5792422
Nup188	2	30286397	30344266	6.426884	6.2916703	6.3203554
Mrrf	2	36136389	36190647	5.555813	4.948481	5.4776835
Rc3h2	2	37370069	37422903	5.6117682	5.732925	5.5095906
Stam2	2	52691664	52742281	4.830045	5.0450044	5.0256104
Baz2b	2	59899363	60209839	4.969046	5.8696814	5.8613677
Scn2a1	2	65620857	65767447	0.003978659	0.38024983	-0.21597569
Fastkd1	2	69686815	69713516	4.785881	3.4862738	4.805844
Gorasp2	2	70661576	70712636	6.7460966000000004	7.13841	7.15525
Slc25a12	2	71271063	71367749	3.2302744	2.5830667	3.2483056
Dfnb59	2	76648476	76658556	-1.8905281	-2.4732015	-1.0800922
Zc3h15	2	83644435	83664622	7.5199504	7.1884956	7.5306835
Fam171b	2	83812636	83883486	4.448865	4.2913685	3.2308524
Mtch2	2	90847155	90866810	8.806573	8.5941105	8.640345
Celf1	2	90940382	91019497	8.440273	8.095057	8.432759
Trim44	2	102300119	102407828	5.4500065	5.046792	5.790619
Lmo2	2	103957986	103981878	0.96362096	3.808834	3.5989926
Ccdc73	2	104867805	105017904	3.4230525	3.3631358	3.4110403
Eif3m	2	104999656	105017080	9.078766	8.7441225	8.971773
Rcn1	2	105386291	105399319	6.7763557	7.191892	7.190715
Kif18a	2	109280738	109341747	5.990233	5.630325	5.3197317
Ino80	2	119373042	119477687	4.379138	3.842977	4.049654
Mfap1a	2	121491911	121506665	4.6037893	4.6414876	4.6366215
Usp8	2	126707328	126759297	6.3345866	6.475829	6.5989923
Mal	2	127633226	127656695	-0.800891	-0.45689973	-2.970863
Ebf4	2	130295169	130370481	-3.4754908	-0.9326331	-2.9411159
Rnf24	2	131298064	131352892	2.9952464	3.8163981	3.3980072
5730494N06Rik	2	132239492	132247807	4.5357366	5.0226536	5.0299582
Rrbp1	2	143947395	144011263	6.8753633	7.0429463	6.4898486
Csnk2a1	2	152226839	152281852	8.921464	8.682307	8.953153
Tbc1d20	2	152293828	152313996	4.33236	4.7901745	4.7764907
Raly	2	154791096	154867261	8.443946	8.094064	8.4345
Edem2	2	155701677	155729475	4.596384	5.2366657	4.867684
Gdap1l1	2	163438476	163455324	4.252953	1.3847796	3.669984
Ywhab	2	163994960	164018588	9.019269	8.827308	9.023733
Wfdc13	2	164685107	164687706	-1.5320742	-2.932633	-2.1982737
Sall4	2	168748332	168767943	9.3042755	9.220681	9.030582
Gm14306	2	176670522	176719085	1.071997	-0.28877687	1.183955
9030418K01Rik	2	178414524	178424428	1.8380901	0.41609514	1.2107033
Zbtb46	2	181387762	181459426	3.001489	3.0883466999999998	2.9920328
Mrps28	3	8802146	8923918	6.6637654	6.7077246	6.758616
Pde7a	3	19223108	19311322	5.629209	5.5410724	5.788054
Prkci	3	30995747	31052741	5.4207253	5.224398	5.581806
Acad9	3	36065979	36094944	6.342108	5.912857	6.3793855
Bbs7	3	36573142	36613477	3.3815331	4.642433	4.0771694
Ankrd50	3	38449261	38484844	4.9194665	4.9892077	4.3619194
Rab33b	3	51483966	51495905	2.8127542	3.1131268	2.7666657
Ufm1	3	53855212	53863830	5.962981	6.1511784	6.09315
Rap2b	3	61364507	61368703	5.7817154	5.288954	5.6438465
Dhx36	3	62470039	62507004	6.6438494	6.426979	6.499287
Kpna4	3	69067149	69127113	6.667794	6.0761456	6.066855
B3galnt1	3	69574186	69598861	2.2355807	2.9951448	3.7405171
Serpini1	3	75557547	75643495	2.3098989	1.0098814	1.5329626
Cd1d1	3	86995834	86999441	1.5689033	0.9802562	0.76835483
Gon4l	3	88835231	88910103	5.4047995	5.3356166	5.5080748
Ash1l	3	88965812	89079373	5.5363817	5.750142	5.5454936
Clk2	3	89164795	89176921	4.988348	4.7995343	4.7596073
Ubap2l	3	89999589	90052475	8.227248	7.786702	8.301049
Ints3	3	90391380	90433636	6.3964143	6.4705124	6.3575783
Rfx5	3	94954075	94961561	2.908878	2.7764509	2.8834858
Psmd4	3	95032694	95042614	8.451318	8.150223	8.464438
Gabpb2	3	95181766	95217916	6.2450824	6.0540977	6.129635
Gdap2	3	100162381	100206981	3.8219547	4.6958127	4.246287
Ap4b1	3	103809520	103822025	4.0498796	4.6537375	4.30623
6530418L21Rik	3	105704599	105720842	1.2628615	-0.34767053	0.47208035
Frrs1	3	116878227	116903750	5.7243705	5.5165157	4.285149
Rwdd3	3	121155400	121171695	0.8574925	2.024469	1.9987631
Ank2	3	126921607	126998452	4.270636	3.9629421	2.960859
Alpk1	3	127670399	127780527	-3.716499	-2.2887769	-0.18513829
Cisd2	3	135406412	135423925	7.1432476	7.169835	7.291672
Adh5	3	138443093	138455499	8.52954	8.153544	8.489614
Cth	3	157894248	157925077	6.0908566	5.86766	5.878412
Otud6b	4	14809498	14826587	7.160018	6.826215	7.175414
Ndufaf4	4	24898083	24905001	7.121057	6.926513	7.277756
Rngtt	4	33310311	33502614	5.816123	5.241044	5.717096
Cnr1	4	33924593	33948831	0.40149844	0.37114766	1.3675019
Nfx1	4	40970906	41025993	7.2958083	6.967762	7.380605
Atp8b5	4	43267159	43373833	-1.503505	-1.9784368	0.06622619
Rusc2	4	43381979	43427088	0.15498649	-0.6288523	-1.2890391
4930412F15Rik	4	43659622	43669145	4.2840137	4.4846916	4.402002
1300002K09Rik	4	45848664	45887008	-0.31794947	1.271938	-0.37591654
Tmod1	4	46038935	46116032	4.641453	4.512899	4.5482817
Anp32b	4	46450902	46472657	9.591232	9.026304	9.61581
Rad23b	4	55350043	55392237	6.5274324	6.225503	6.4252954
1110054O05Rik	4	59769637	59801589	6.3803363	5.774079	6.158796
Whrn	4	63414910	63495991	1.3977168	1.9682338	0.56051826
Dennd4c	4	86748555	86850603	3.5026698	3.2196517	2.9593816
Mier1	4	103114390	103165754	6.7859716	6.801865	6.8471866
Orc1	4	108579423	108614833	6.233593	5.30786	6.098363
St3gal3	4	117932154	118134914	2.2773402	1.9802562	2.8154063
Kdm4a	4	118136957	118180043	3.415592	3.854453	3.281408
Ppih	4	119300010	119320546	7.0139713	6.883751	6.973239
Rlf	4	121145373	121215084	5.98929	5.697179	5.9527116
Bmp8b	4	123105165	123132099	3.8616166	3.4831085	3.8343432
Bmp8a	4	123312645	123343252	-1.2451931	-0.074652106	-0.47367662
Rragc	4	123917446	123936997	2.7249362	3.8634067	3.6018372
Yars	4	129189760	129219607	7.229543	6.448504	7.062244
Marcksl1	4	129513581	129515985	8.425927	8.38492	8.650215
2610002D18Rik	4	134510999	134523927	5.1655884	4.8605638	5.223996
Hmgcl	4	135946448	135962617	5.5733104	5.203076	5.479575
Rpl11	4	136028265	136053428	10.068238	10.156228	10.172879
Pink1	4	138313409	138326307	2.6836045	4.0084143	3.4912984
Mrto4	4	139347435	139352576	7.4235754	6.956966	7.4101167
Spen	4	141467890	141538597	4.7847958	4.596309	4.9082093
Ube4b	4	149328416	149426749	6.8852715	6.7823634	6.848717
Ssu72	4	155704800	155733879	7.6509156	7.914033	7.9195595
Ankib1	5	3690000	3803109	3.7695134	3.2094738	4.0875797
Mll3	5	25271798	25498783	4.746654	5.099068	5.112838
Tyms	5	30058202	30073617	7.4280434	7.407982	7.514987
Fam53a	5	33600351	33629635	6.144729	5.8735137	6.0730753
Tada2b	5	36473670	36484285	2.804209	2.9530632	2.9209206
Tbc1d14	5	36490604	36593276	5.9399257	5.468246	5.8154745
Utp3	5	88554483	88556083	6.9498057	6.7819343	7.0737867
Slc4a4	5	88886818	89239653	4.1414824	4.3158875	5.1402726
Ung	5	114130386	114139323	6.647636	5.8980803	6.2037506
Rasal1	5	120648812	120679597	0.24192207	1.518578	0.22553402
Rhof	5	123103044	123132692	2.409032	2.4532294	2.0263162
Pitpnm2	5	124118690	124249760	3.0552907	2.4271164	2.8022761
Snrnp35	5	124483134	124491124	3.1301312	3.3294616	3.303321
Rilpl1	5	124493082	124531391	3.3690343	2.5206375	3.0934305
Mmp17	5	129584169	129608875	1.0861645	-0.20471267	1.6956568
Gusb	5	129989011	130003049	5.9068837	5.3481374	6.0110607
Eif4h	5	134619880	134639348	8.660392	8.265044	8.580635
Tmem120a	5	135735485	135744271	5.2521677	5.1869564	5.356877
Pop7	5	137501438	137502518	5.210471	5.3432	5.391081
Mblac1	5	138194314	138195621	1.9352052	1.6672798	2.135918
Elfn1	5	139907943	139974711	0.31592262	-0.44078	-5.5558257
Fbxl18	5	142866946	142895421	5.604404	5.6164293	5.7318864
Zdhhc4	5	143316489	143329256	4.554964	4.926513	4.9025807
Usp42	5	143710325	143732280	4.821249	5.004005	5.163456
Pms2	5	143909964	143937309	5.8521485	5.4944177	5.585643
Cpsf4	5	145167213	145182041	6.2611713	5.796563	6.1231046
Zfp655	5	145231723	145247302	5.324911	5.130088	5.3719525
Tmem168	6	13580687	13608100	4.5579324	4.555709	4.518483
Fam3c	6	22306520	22356243	4.908546	4.670993	5.21927
Luc7l2	6	38551334	38609470	6.2542605	6.2388563	6.168155
Svs1	6	48986861	48991725	-7.327934	2.3481378999999998	-0.774466
2410003K15Rik	6	49073795	49086751	7.005377	6.8990703	6.929752
Vopp1	6	57727807	57825154	3.1661441	4.956871	4.7373586
Nap1l5	6	58905234	58907126	-0.89052814	1.8617827	0.76835483
Tacstd2	6	67534059	67535822	0.70671254	2.0560515	-1.5224026
Aup1	6	83054653	83057680	5.195574	5.7654204	5.6240835
Mob1a	6	83326016	83343776	5.852321	6.049113	6.215561
Pcbp1	6	86524499	86526171	8.159181	7.982733	8.230686
Nr2c2	6	92091390	92173057	5.4640884	5.4445777	5.1583123
Trnt1	6	106769120	106782474	7.6208186	7.1788287	7.4814854
Rpusd3	6	113415319	113419348	4.7548065	4.845033	4.2595577
Rad52	6	119902698	119922828	4.2977753	4.128738	4.2263536
Usp5	6	124815019	124829484	7.5873337	7.277506	7.592492
Mlf2	6	124931388	124936138	8.182927	8.074482	8.110385
Ncapd2	6	125168009	125191595	7.79467	7.2037168	7.686325
Dusp16	6	134715473	134792625	3.2045307	3.931553	2.9867227
Rerg	6	137054825	137170497	3.652206	1.6857524	3.3574378
Pyroxd1	6	142345654	142363257	5.3236666	5.3625617	4.993357
Recql	6	142350342	142387087	5.5415316	5.361126	5.38164
Casc1	6	145174834	145210970	-1.44801	0.44240633	-2.6250882
Ccdc91	6	147475871	147632612	4.893855	5.1690145	4.850379
Ube2s	7	4808155	4812351	5.887802	5.6802354	6.057964
Kptn	7	16119895	16127516	4.218532	4.4569983	4.018768
Strn4	7	16815889	16840931	5.1661444	4.925348	5.384029
Prkd2	7	16842902	16870461	2.3651662	3.0588887	2.7393692
Fbxo46	7	19119859	19138261	4.13525	4.466645	4.2138057
Rtn2	7	19282662	19296164	2.0838127	1.1601241	1.4427646
Pvr	7	19903578	19921160	3.013894	4.367147	4.2487087
Zfp108	7	24257644	24261914	-0.1535626	-0.80335015	1.0934304
Rps19	7	24884371	24889806	10.202542	10.307786	10.334293
Hnrnpul1	7	25721498	25754730	4.962981	4.9640775	5.099817
Psmc4	7	28041707	28050101	8.854025	8.55734	8.78867
Ggn	7	29170220	29173933	-2.0884676	-1.2047126	-2.4265425
Zfp74	7	29930815	29954089	3.6553767	3.7952874	4.047337
Zfp382	7	30121942	30134665	1.8711934	1.7112231	2.0698833
Polr2i	7	30231948	30233390	6.701641	6.4868	6.790896
Cox6b1	7	30616974	30626151	8.72995	9.010064	8.973071
Plekhf1	7	38220654	38227994	2.0504818	2.8322384	2.8197567
Prr12	7	45027707	45052881	3.5705838	3.2889538	3.7829108
Sphk2	7	45709467	45718002	4.9384627	4.6760836	4.807351
Fam83e	7	45721212	45729492	1.3786584	1.1548297	1.5183158
Cyfip1	7	55841745	55930700	7.626687	7.5840516	7.5931277
Tarsl2	7	65644898	65692091	2.1661441	1.8811481	2.314539
Tm2d3	7	65691169	65701913	5.6490283	5.773647	5.4747553
Chsy1	7	66109515	66173789	5.414423	6.164411	6.1265106
Idh2	7	80094846	80115392	7.170306	7.012353	7.316248
Homer2	7	81600481	81706925	2.295745	2.2961855	2.3283448
Fah	7	84585159	84606722	2.754807	3.5928879	3.5705562
Rsf1	7	97579896	97692782	6.3322353	6.32608	6.2166953
Omp	7	98143360	98145502	-4.1759305	-5.932633	-3.2338974
Rnf169	7	99920254	99980458	4.548157	4.229129	4.2721124
Rnf121	7	102019137	102065469	4.7002025	5.315591	5.0122495
Pgap2	7	102210208	102238567	5.8233647	6.0428567	5.701341
Eif3f	7	108934417	108942951	8.441164	8.517676	8.48547
Eif4g2	7	111067985	111083030	10.262293	10.02609	10.22183
4933427G17Rik	7	120982509	121014787	-7.327934	-7.084636	-2.1635082
Tufm	7	126487355	126490730	7.2181306	6.704671	7.124836
Ctf1	7	127712736	127718185	1.7840714	2.5987482	2.352567
Plekha1	7	130865756	130913312	6.045808	6.186146	5.7459564
Zfp511	7	140036391	140040605	4.8749385	4.8338957	5.0265517
Deaf1	7	141297176	141327725	4.9276853	4.81136	4.6005735
Star	8	25808474	25814723	1.5245092	1.2961855	0.91381615
Fut10	8	31187331	31261738	4.7862425	4.229129	4.7261047
Ppp1r3b	8	35375741	35388124	-0.986106	1.0389105	1.032889
Cnot7	8	40492540	40515847	6.7537904	6.9626584	6.982181
Fgl1	8	41191434	41215156	1.3278953	1.5791196	0.7456705
Neil3	8	53586867	53639065	4.4137206	3.540058	4.1332984
2310045N01Rik	8	70139499	70167488	4.935531	5.1121025	4.9816356
Mpv17l2	8	70758649	70760921	3.3901234	3.4988647	3.815134
Arrdc2	8	70835155	70839720	0.15498649	1.55922	0.16527352
Unc13a	8	71624417	71671757	1.9864608	2.1992238	2.9843025
Zfp617	8	71908635	71934629	5.4353247	5.1693425	5.0699973
Pkn1	8	83669762	83699179	0.85197556	1.722003	1.5102636
Phkb	8	85840959	86061376	5.3617735	5.0356736	5.114941
Siah1a	8	86723940	86746006	4.234521	3.9606686	4.4805193
Tmem188	8	88118769	88135110	6.108171	6.041602	6.375651
Slc38a7	8	95835920	95853539	3.8268847	4.5820813	4.114388
Cmtm3	8	104340594	104347672	1.1140884	2.7486055	2.7097895
Ctcf	8	105636568	105682922	7.1004124	6.88455	7.1152453
Vps4a	8	107031222	107045755	4.7414417	5.3799663	5.2065563
Gcsh	8	116981810	116993537	8.16833	8.370362	8.373248
Taf1c	8	119597975	119605222	4.5331535	3.9839928	4.5613303
Afg3l1	8	123477903	123503916	5.4394693	5.390703	5.399007
Alkbh8	9	3335478	3387050	5.4953895	5.2234497	5.3923593
Aasdhppt	9	4294793	4309494	6.4902935	6.6382895	6.7117662
Tmem123	9	7764041	7794333	5.0722938	5.0585346	5.0823836
Yap1	9	7931999	8004596	6.2551756	6.511088	6.435741
Mtmr2	9	13748410	13806481	6.8594704	6.789	6.860246
BC017612	9	15505487	15545260	4.5524154	4.577142	4.240214
Ccdc67	9	15559864	15627933	-1.8540022	1.6410141	1.7762108
Dnmt1	9	20907206	20959888	7.2839494	7.042678	7.241684
Vps26b	9	27004503	27030094	7.2881045	6.9300046	7.2478766
Robo4	9	37401897	37414023	-1.6213417	-0.6288523	1.6524086
Dscaml1	9	45430293	45753164	-3.716499	-2.2321935	-6.5558257
Rnf214	9	45863425	45906894	4.720402	4.8479066	4.8886714
Rbm7	9	48488709	48495330	6.3349576	6.1841984	6.3885207
Acat1	9	53580522	53610382	2.849209	4.384214	3.9524643
Clk3	9	57750711	57765860	5.737146	5.7340345	5.892678
Kif23	9	61917280	61946799	6.4636364	6.698316	6.6355805
Rasl12	9	65398488	65414853	1.5485835	-0.0018957199	1.6909149
Oaz2	9	65668001	65690300	6.511008	7.0627804	6.9031897
Trip4	9	65828930	65908794	5.62092	5.620276	5.572652
Polr2m	9	71478437	71485935	9.067987	8.74638	9.086572
Ooep	9	78376109	78378725	2.7324622	2.0273688	2.0431573
Tfdp2	9	96196275	96323646	6.04233	5.9770727	5.8869233
Rnf7	9	96470941	96478675	7.9229655	7.8950567	8.058467
Poc1a	9	106281061	106349891	5.638852	5.558218	4.9810286
Qrich1	9	108517087	108560167	7.204125	6.8672557	7.1423907
Nme6	9	109832749	109843116	6.3774586	6.260738	6.4995413
AC159748.1	10	5336949	5550692	1.15946	1.6065257	-0.8904897
Vta1	10	14654755	14705560	6.6155376	6.474103	6.440427
H60b	10	22158586	22288849	-1.2690399	1.5552069	1.8860811
Raet1c	10	22173521	22374139	3.0480711	2.9712486	3.4696598
Tspyl4	10	34297421	34301308	2.9443076	3.7807534	3.0197136
Amd2	10	35708691	35711891	4.086752	3.3847795	3.764693
Marcks	10	37133375	37138920	8.163014	8.303605	8.504891
Cd164	10	41519500	41531042	8.173765	8.147726	8.216257
Sec63	10	42761496	42832514	5.2773404	4.924959	5.304582
Ybey	10	76459569	76469114	4.735461	4.539042	4.5500827
Slc19a1	10	77032241	77061002	5.365892	5.4177537	5.3116465
Trappc10	10	78186725	78244642	3.0002425	2.7816124	3.1852198
Cdc34	10	79682195	79688394	6.6659284	6.4294477	6.5313053
ORF61	10	79974948	79984330	3.1594598	3.5572147	3.4800045
Ndufs7	10	80249121	80256794	7.3301907	7.3510337	7.3931804
Dazap1	10	80261486	80288408	4.752218	4.780324	4.8882833
Btbd2	10	80642617	80657071	5.3410006	5.2297583	5.4170647
Izumo4	10	80702693	80705382	-3.590968	0.6372225	0.25474593
AC167202.2	10	81718919	81721468	0.7005865	0.6065258	0.4012764
Tdg	10	82629828	82650799	7.345302	7.0085063	7.2834764
Ccdc53	10	88201097	88246152	5.318675	5.8957014	5.3159833
Tmpo	10	91147571	91171582	7.8149714	7.574294	7.8864536
Cdk17	10	93160876	93241342	4.197479	4.493632	4.1291423
Atp2b1	10	98915152	99026143	6.7675915	7.1672077	7.1971297
Xrcc6bp1	10	126868430	126901371	4.189845	3.4227178	4.328154
Avil	10	127000709	127020994	-4.854002	-0.13821724	-4.0322638
Tmem194	10	127666901	127701049	4.448408	4.7184186	4.5234923
Mip	10	128225838	128231812	1.5655366	1.2670393	0.6992029
Tbrg4	11	6615598	6626067	6.276311	5.642433	6.304486
Ramp3	11	6658521	6677475	2.0838127	0.8747218	0.35706374
Igfbp3	11	7206086	7213923	4.116391	4.946567	3.0798924
Tns3	11	8431652	8664535	4.9943075	4.6654196	4.2912316
Fignl1	11	11787431	11808962	6.9414697	6.785364	6.828149
Pno1	11	17203198	17211568	7.560947	7.049291	7.4394336
Etaa1	11	17938756	17953875	5.1963906	5.0450044	5.293775
Ehbp1	11	22005828	22342292	4.0624743	3.981752	3.9272344
Pus10	11	23665674	23732876	5.632632	5.6149845	5.585723
Papolg	11	23862646	23895253	5.5562367	5.622675	5.8688655
Nudcd2	11	40733667	40740046	7.607477	7.47324	7.7335086
Ccnjl	11	43528784	43586997	3.8962023	3.7686734	3.9181335
Ttc1	11	43729512	43748008	6.1125026	6.1178956	5.9953423
A230051G13Rik	11	59155369	59163739	3.0790982	3.1758914	3.7083237
Stx8	11	67966193	68207148	4.650221	4.6070104	4.581005
Myh10	11	68691559	68816632	7.613603	6.917065	7.3667817
Cyb5d1	11	69391925	69395631	3.7746253	4.688961	4.2123585
Wrap53	11	69561758	69580255	5.7806273	5.7137003	5.6095524
Eif5a	11	69916714	69921958	11.449353	11.025886	11.499938
Pafah1b1	11	74673949	74724670	7.2448854	7.165481	7.1714034
Mettl16	11	74770830	74828525	7.42282	6.6440873	7.29419
Blmh	11	76924809	76987379	8.618536	8.431946	8.637488
Supt6h	11	78206746	78245987	6.227348	6.383224	6.3386607
Pex12	11	83294642	83302586	4.01204	4.114491	4.040131
Med13	11	86267033	86357602	5.7511067	5.5123816	5.975434
Mrps23	11	88204388	88211507	6.185054	5.9134445	5.8253794
Ube2z	11	96047432	96065388	5.1476874	5.2190175	5.3899837
Nfe2l1	11	96817414	96829968	5.2618217	5.5589695	5.539242
Socs7	11	97362551	97398542	3.1163914	3.7798939	3.7318866
Top2a	11	98992943	99024189	9.620351	9.378725	9.598374
Plekhh3	11	101162679	101171351	-0.50350505	-0.12527815	-0.059970625
Becn1	11	101285952	101302286	6.814173	6.795287	6.7397285
Fam171a2	11	102436981	102447682	0.10947186	-0.3627775	0.5289827
Plekhm1	11	103365088	103412664	3.4525154	3.4532294	3.1319873
Cdc42ep4	11	113726850	113751881	5.1966624	5.739571	5.932328
Prpsap1	11	116470845	116494202	7.906385	7.5056386	7.7562065
Dnahc17	11	118021723	118129219	2.6201093	2.5948439	2.3954592
Mrpl12	11	120484613	120489065	8.239976	7.594416	8.1459675
0610009D07Rik	12	4817608	4827658	7.761259	7.57949	7.5534954
Sdc1	12	8771323	8793715	6.639653	5.7424417	6.5149245
Sox11	12	27340697	27342709	2.8616166	1.5226941	2.6493568
Mbip	12	56328306	56345894	5.0814576	4.703085	4.9155955
Ppm1a	12	72761211	72794940	4.9523864	4.9542065	5.0173483
Zfyve26	12	79232347	79296282	3.587282	3.8338957	3.5546577
Sipa1l1	12	82170016	82451782	5.3891716	5.773647	5.243355
1110018G07Rik	12	84918148	84970900	4.7669506	4.8799453	4.749381
Zc3h14	12	98746968	98787774	6.3871465	6.4205136	6.435253
Foxn3	12	99194980	99450111	5.2921844	4.4559226	5.2784476
Ifi27l2a	12	103442167	103443680	1.0089449	0.5830667	-0.1379731
Atg2b	12	105613539	105685241	4.4907374	4.4044313	4.7458134
Ccnk	12	108179738	108203359	5.220407	4.9832463	5.259157
Zfp386	12	116047724	116060592	5.7671337	5.8682666	5.7653975
Ncapg2	12	116405402	116463531	6.556873	6.130256	6.6255207
BC016423	13	3566036	3611108	6.7205915	6.3617	6.8021045000000004
Lyst	13	13590409	13777440	2.0039787	3.9674792	2.3374758
B3galnt2	13	13954674	13999068	5.6466403	5.791241	5.664855
Pou6f2	13	18121101	18382041	-5.5909677	-2.932633	-3.855386
Trim27	13	21179445	21194724	7.7426066	7.3192935	7.6861763
Hist1h2ak	13	21753395	21753907	-0.21014611	-1.1252782	0.06622619
Hist1h3e	13	23561534	23562369	1.8602433	1.6672798	1.7074436
Hist1h1a	13	23763668	23764414	-0.120648034	-0.5232422	0.25152922
Dcdc2a	13	25056004	25210706	0.9008851	0.25719142	-4.163508
Riok1	13	38036989	38061433	5.568693	5.362275	5.616758
Hivep1	13	42052021	42185026	3.9174871000000002	3.7353654	3.6093955
Omd	13	49582766	49592609	0.81842303	-1.1777456	1.3021554
Mxd3	13	55325168	55329758	5.4733257	5.2691846	5.4658484
Gkap1	13	58233351	58274188	3.1048403	2.6045854	1.3808123
Hnrnpk	13	58391142	58403343	11.087477	10.837392	10.998961
Zfp738	13	67667437	67687071	4.482281	4.334153	4.1742196
Mtrr	13	68560780	68582121	5.0471663	4.355079	4.888801
Cetn3	13	81783292	81797143	7.5241303	7.3848505	7.34228
Zcchc9	13	91796533	91807705	4.4304748	4.581588	4.705535
Pdhb	14	8165991	8172992	7.5292163	7.620756	7.7554793
Ap3m1	14	21031442	21052508	6.768233	6.9624686	6.6565566
Polr3a	14	24448694	24487046	5.3522797	4.9073577	5.2673426
Duxbl	14	25978577	25990088	-2.8540022	-3.125278	-2.5334578
Arhgef3	14	27238039	27403904	-0.056989376	1.6410141	-1.8279052
Eaf1	14	31495079	31509858	5.4195604	5.8140907	5.6850405
Timm23	14	32180162	32201898	7.513795	6.8589373	7.5069375
Zfp488	14	33967070	33978764	-5.1759305	-6.932633	-3.6489348
Ktn1	14	47663756	47736563	7.054165	7.4125643	7.3005996
Apex1	14	50924968	50927139	8.949362	8.141341	8.941956
Tox4	14	52279146	52296391	6.502009	6.314108	6.487159
Acin1	14	54642161	54686931	7.2813864	7.2641997	7.317138
Serpine3	14	62663667	62692243	-1.1535627	-0.12527815	-1.8693252
Kctd9	14	67715937	67742310	3.4415371	3.5451252	3.9762866
Rhobtb2	14	69784990	69805530	2.883414	2.4661107	3.0961232
Bin3	14	70100145	70138191	4.3564253	4.828918	4.6926947
Kbtbd7	14	79426511	79431039	2.4350944	3.2497613	3.3833861
Elf1	14	79481194	79582476	1.2292111	3.4735718	3.4588923
Tdrd3	14	87416639	87545373	4.6490283	4.875929	5.1927867
Gpr180	14	118137127	118164232	5.9418745	5.852002	6.190216
Zfp622	15	25984366	25998482	5.539388	5.299788	5.373525
Eif3e	15	43250040	43282736	8.915546	8.492288	8.864225
Eny2	15	44428111	44437685	7.791476	7.8293858	7.9878855
Utp23	15	51877429	51884614	4.6874814	4.89907	4.8960295
Slc52a2	15	76538943	76542130	4.419793	4.7807536	4.720444
Csnk1e	15	79417856	79443919	4.8891487	5.0460773	5.1003757
Rrp7a	15	83113433	83122801	7.1106997	7.055696	7.0626173
Cyb5r3	15	83153494	83172592	7.0438433	7.2232127	7.131714
Smc1b	15	85064691	85131957	-0.66813576	-1.2047126	-1.129561
Tubgcp6	15	89098357	89123087	4.5680623	4.6635566	4.9593816
Prickle1	15	93499114	93595891	4.8059936	6.019926	6.0129023
Lmbr1l	15	98903921	98918231	4.5079412	4.559721	4.6026263
Prph	15	99055174	99058978	0.09085609	-1.6847056	-1.1549461
Pcbp2	15	102470632	102500059	8.206389	8.199345	8.406121
Cpped1	16	11803721	11909445	3.6537924	3.7184186	3.7130089
Vpreb1	16	16868402	16870843	-0.5320743	0.1548297	0.10238584
Smpd4	16	17619354	17644828	7.0682106	6.4722424	6.953207
Lamp3	16	19653381	19706365	-0.19865052	-0.5232422	-0.5334579
Rnf168	16	32277459	32301434	6.2739916	5.966724	6.258406
Lrch3	16	32914100	33015647	4.524943	5.6159477	4.9838176
Nit2	16	57156671	57167332	5.5406747	5.402478	5.796149
Tmem30c	16	57266139	57292865	-3.3685756	-1.932633	-2.2159755
Pros1	16	62854307	62929346	2.9952464	3.8617828	4.401095
Cggbp1	16	64851996	64859507	6.385238	6.68449	6.6964335
Tiam1	16	89787111	89980080	3.8134642	3.4049888	4.0918574
Gcfc1	16	91014037	91044543	5.5502877	5.6859818	5.686157
Olig1	16	91269769	91271939	2.636247	2.5247478	-0.40100747
Serac1	17	6042196	6079741	2.720402	3.0631342	1.6813842
Prr18	17	8340406	8344112	-1.783613	-0.074652106	-0.8693251
Zfp229	17	21733724	21748968	3.4742239	3.3434913	2.979936
Zfp820	17	21816876	21845759	4.614418	4.6898766	4.9230704
Amdhd2	17	24155833	24163766	4.2387547	4.9385023	4.7128625
Pgp	17	24470473	24471591	6.8542194	6.1470184	6.907922
Fahd1	17	24848896	24850302	4.145998	3.933873	4.2673426
Eme2	17	24888486	24895087	5.285549	5.3785477	5.4447026
Gng13	17	25717171	25719406	2.361288	2.3711476	2.5102637
Cuta	17	26937973	26939478	6.001333	6.1825733	5.8666334000000004
Wiz	17	32354055	32389401	4.7966905	4.5850363	4.3635964
Hnrnpm	17	33646233	33686860	8.827785	8.558782	8.828916
Rab11b	17	33745950	33760530	6.8792677	6.721779	6.8466873
Kifc1	17	33875666	33890661	5.6058393	5.88515	6.170605
Rdbp	17	34850391	34856372	6.5209284	6.2035565	6.446286
Usp49	17	47630690	47686738	2.317925	2.4575357	2.7318869
Ebi3	17	55952623	55957021	-0.83608043	-0.5575937	-1.9411157000000001
D17Wsu104e	17	56175744	56183920	6.3999634	6.981472	6.9298153
Ranbp3	17	56673225	56711769	7.4802713	6.961521	7.3094482
Fbxl17	17	63057452	63500017	2.1683655	3.3504553	2.9350252
Foxn2	17	88440711	88490533	4.6890297	5.1280627	5.1342816
Svil	18	4920540	5119299	3.4742239	3.251002	3.1575608
Kif5b	18	6201002	6242174	8.24268	8.360479	8.351029
Abhd3	18	10644411	10706771	1.2545221	2.1415083	0.08079899
Kctd1	18	14968685	15151446	2.023742	3.2107499	3.1957183
Asxl3	18	22344883	22530227	0.53831506	0.73270273	1.9745808
Mapre2	18	23752333	23893861	6.8304834	6.396182	6.7560644
Prelid2	18	41875696	41951194	4.8450494	4.3830824	3.9910688
Commd10	18	46958862	47087992	4.974134	4.9427323	5.0287848
Dctn4	18	60526221	60558762	6.2609115	6.2194934	6.2787437
Ablim3	18	61799395	61911852	-1.503505	0.84872663	-5.096394
Atp5a1	18	77773729	77782869	9.950461	9.66818	9.905654
Adnp2	18	80126338	80151482	4.5301337	4.535482	4.807625
Ndufs8	19	3908870	3912717	7.0487494	7.023471	7.1825566
Rbm4b	19	4756525	4765938	4.7090034	5.020108	4.8998866
Pacs1	19	5133688	5273119	4.045052	4.140169	4.319348
Rela	19	5637483	5648130	4.4894056	5.0834785	4.2133923
Mark2	19	7275396	7341860	4.6541886	4.8322387000000004	4.705094
Ints5	19	8892987	8897890	5.538315	5.1505136	5.661678
Sdhaf2	19	10500513	10525209	6.377219	6.1691785	6.2142706
Mrpl16	19	11770415	11774944	5.3390303	5.1331196	5.425117
Ankrd1	19	36111965	36119844	-4.5909677	-2.3476706	-1.970863
Fgfbp3	19	36917550	36919615	1.1048403	0.3527691	1.0607231
Ide	19	37268743	37337852	7.7657137	7.282672	6.7758613
Rrp12	19	41862852	41896153	6.3307486	5.7172966	6.2636046
Loxl4	19	42593982	42612813	-2.421043	-7.084636	-1.1379731
Ndufb8	19	44548572	44555440	8.300405	8.238895	8.486816
Kazald1	19	45075241	45079289	-1.5320742	-2.0257425	-1.0480311
Fbxw4	19	45578254	45660312	1.6851563	1.722003	1.7202988
Kcnip2	19	45791839	45816061	0.28350115	-0.062268347	-0.7614098
Ldb1	19	46032593	46045214	4.7995596	4.8974857	4.9921536
Nolc1	19	46075863	46085528	8.436333	7.4194098	8.316945
Psd	19	46312087	46327156	0.5314287	-0.15127335	-0.7420445
Usmg5	19	47083471	47090625	8.6668625	8.836534	8.912329
Sorcs1	19	50143301	50678646	-1.0884675	-5.3476706	-4.648935
A630007B06Rik	19	56787481	56822190	5.372169	5.508236	5.23493
Fam45a	19	60811585	60836227	5.568693	5.279255	5.057503
Suv39h1	X	8061171	8074760	6.688352	6.467713	6.588514
Maoa	X	16619698	16687818	6.1120706	5.210112	5.951783
Upf3b	X	37091678	37110322	6.4663467	6.550427	5.777819
Mcts1	X	38600578	38613426	6.119408	6.0467925	6.3935905
Dcaf12l2	X	44365458	44368342	-0.9471118	-1.4090711	-0.92646897
Aifm1	X	48474944	48513563	5.6324306	5.4415913	5.707297
Rap2c	X	51003912	51018018	4.457519	5.8063035	5.2953377
Cxx1a	X	53642488	53643763	1.7927363	1.6065257	1.3881541
Zfp275	X	73342621	73359080	5.48785	5.4221673	5.45741
Fam3a	X	74384719	74393272	2.6711268	3.3117306	2.6103373
Ikbkg	X	74393290	74453854	4.780809	5.1885767	4.6731434
Tbl1x	X	77511013	77662983	7.8472176	7.783651	7.9385457
Pcyt1b	X	93654863	93749951	4.6446476	4.2310166	2.8688655
Fam123b	X	95420318	95444872	5.742374	5.8005943	5.9041824
Efnb1	X	99136130	99148991	1.8240695	4.642433	4.499796
Chic1	X	103356476	103396092	3.9693651	3.7781734	3.8878949
Abcb7	X	104280657	104413856	5.8597274	5.6096735	5.9519067
1700008I05Rik	X	135654698	135693790	0.33976942	-0.34767053	-1.0244442
Frmpd3	X	140367494	140394540	-4.5909677	-1.2602078	-0.8904897
Tro	X	150645304	150657583	5.0627728	4.0925064	5.3207874
Hsd17b10	X	152001845	152004442	6.244819	6.460087	6.4787583
