gene	chr	starts	ends	strand	ecto	endo	meso	set
Jph1	1	17097889	16994938	0	-1.0597816	-1.0565915	-1.2310166	Sim
Rab23	1	33719882	33742564	1	1.701717	1.0306062	1.723052	Sim
Tbc1d8	1	39478747	39371499	0	3.9078608	3.89682	3.6947286	Sim
D1Bwg0212e	1	39534992	39546881	1	2.829925	2.502768	2.837053	Sim
Map4k4	1	39900913	40026310	1	2.3151684	2.6276665	2.6458027	Sim
Tmem194b	1	52630705	52651919	1	1.199009	1.2074441	0.14579676	Sim
Kctd18	1	58018956	57955101	0	1.8036777	1.7844532	1.6622484	Sim
Mpp4	1	59163389	59120936	0	-0.16287093	-0.14296088	-1.3367249	Sim
Akr1cl	1	65032759	65012689	0	-3.1791081	-4.7008333	-3.184323	Sim
1810031K17Rik	1	75142368	75134554	0	1.7780268	2.0345876	2.0493395	Sim
Fam134a	1	75142786	75147909	1	1.9161975	1.9216435	1.8733319	Sim
Atg9a	1	75191923	75180866	0	2.0092187	1.4474385	1.9855084	Sim
Dnajb2	1	75236465	75244804	1	0.07451063	0.6322202	0.60276204	Sim
Sh3bp4	1	89070415	89155068	1	3.4231246	3.4061584	2.5296977	Sim
Gpr39	1	125676995	125873862	1	-2.1475918	-1.9824746	-1.9859375	Sim
R3hdm1	1	128103306	128237735	1	4.253833	3.8009872	4.2541685	Sim
Ptpn7	1	135132725	135145320	1	-3.2454505	-1.945513	-1.9825841	Sim
Arl8a	1	135146824	135156269	1	0.7125562	0.18446162	0.70289457	Sim
Edem3	1	151755374	151822328	1	1.4689277	1.4287889	1.4547595	Sim
Klhl20	1	161131511	161088375	0	0.30896112	0.32590503	0.30395448	Sim
Gpr161	1	165301863	165322930	1	-2.8672333	-2.8914587	-6.3423805	Sim
Adcy10	1	165485183	165576774	1	-5.268418	-5.03807	-5.0966744	Sim
Cd247	1	165788681	165877276	1	-0.21744862	-0.2459973	-0.97847354	Sim
Dusp12	1	170885540	170873498	0	2.9576893	2.4538305	2.945748	Sim
Alyref2	1	171503478	171504750	1	0.89865303	0.049946733	0.92095315	Sim
Dcaf8	1	172148015	172196393	1	4.526005	4.5736094	4.577928	Sim
Atp1a2	1	172298064	172271709	0	-4.2152653	-1.4282373	-1.3864238	Sim
Pld5	1	176275312	175962306	0	-3.6484988	-8.92214	-3.6137283	Sim
CAAA01083517.1	1	183369529	183326725	0	3.469327	3.6301374	3.6193106	Sim
Eprs	1	185363095	185428355	1	6.5015903	5.9514184	6.499454	Sim
Rps6kc1	1	190911770	190700202	0	-0.36891913	0.21785715	0.22823946	Sim
Atf3	1	191183340	191170296	0	-8.053401	-3.253198	-3.2890823	Sim
Rd3	1	191977373	191988282	1	-4.7582803	-4.720578	-7.393893	Sim
Otud1	2	19658062	19660590	1	-0.3149149	-0.58345336	-0.3354565	Sim
Pnpla7	2	24976033	25054057	1	-0.87366295	-1.1313783	-0.893908	Sim
Nelf	2	25054355	25062881	1	1.7371918	2.3926268	2.371345	Sim
Rexo4	2	26964386	26953563	0	4.0429153	3.7066777	4.048436	Sim
Slc2a6	2	27027998	27021363	0	-2.689118	-7.2697363	-2.7357652	Sim
Ppp1r26	2	28446800	28455508	1	-0.21842386	-0.25259882	-0.35844168	Sim
Nup188	2	30286397	30344266	1	3.4088557	3.5294545	3.5438848	Sim
Mrrf	2	36136389	36190647	1	3.5023124	3.3531618	3.4988825	Sim
Rc3h2	2	37422903	37370069	0	1.623205	1.3604077	1.6084714	Sim
Stam2	2	52742281	52691664	0	2.0477462	2.266357	2.2563875	Sim
Baz2b	2	60209839	59899363	0	0.2065707	1.3350996	1.3205545	Sim
Scn2a1	2	65620857	65767447	1	-2.5091324	-2.5162842	-4.052095	Sim
Fastkd1	2	69713516	69686815	0	1.9063443	0.40413016	1.8924631	Sim
Gorasp2	2	70661576	70712636	1	4.307397	5.016749	5.0169415	Sim
Slc25a12	2	71367749	71271063	0	0.13268203	-1.6526724	0.12465301	Sim
Dfnb59	2	76648476	76658556	1	-3.7758667	-6.0345573	-3.7485135	Sim
Zc3h15	2	83644435	83664622	1	6.246155	5.964933	6.2422533	Sim
Fam171b	2	83812636	83883486	1	1.7504534	1.747137	0.07057565	Sim
Mtch2	2	90847155	90866810	1	5.8173833	5.811281	5.7027054	Sim
Celf1	2	90940382	91019497	1	5.310849	5.1048326	5.3131866	Sim
Trim44	2	102407828	102300119	0	2.5047996	1.7103673	2.4938147	Sim
Lmo2	2	103957986	103981878	1	1.6584817	2.8339603	2.8197126	Sim
Ccdc73	2	104867805	105017904	1	0.9472345	0.81462973	0.9519356	Sim
Eif3m	2	105017080	104999656	0	7.4245996	7.177556	7.423669	Sim
Rcn1	2	105399319	105386291	0	4.8709464	5.4402494	5.4434175	Sim
Kif18a	2	109280738	109341747	1	2.855282	2.863528	2.1395147	Sim
Ino80	2	119477687	119373042	0	0.746059	0.72095907	0.36570078	Sim
Mfap1a	2	121506665	121491911	0	2.4341097	2.4189146	2.4494076	Sim
Usp8	2	126707328	126759297	1	4.0901585	4.4504113	4.4623575	Sim
Mal	2	127656695	127633226	0	-5.3870325	-5.323795	-5.315285	Sim
Ebf4	2	130295169	130370481	1	-3.7492163	-3.8069942	-8.994882	Sim
Rnf24	2	131352892	131298064	0	-0.6343385	-0.2638198	-0.2558454	Sim
5730494N06Rik	2	132247807	132239492	0	3.1103668	3.1971726	3.1999028	Sim
Rrbp1	2	144011263	143947395	0	3.2518742	3.266922	3.0148191	Sim
Csnk2a1	2	152226839	152281852	1	6.2751255	6.22761	6.284232	Sim
Tbc1d20	2	152293828	152313996	1	2.3675838	2.2878942	2.363024	Sim
Raly	2	154791096	154867261	1	6.6743603	6.2037396	6.6743693	Sim
Edem2	2	155729475	155701677	0	2.3817914	3.0259323	3.0365903	Sim
Gdap1l1	2	163438476	163455324	1	2.4611104	-1.4445298	2.4417894	Sim
Ywhab	2	163994960	164018588	1	7.1594796	7.0286975	7.1606593	Sim
Wfdc13	2	164685107	164687706	1	-2.9285169	-2.3677797	-2.35927	Sim
Sall4	2	168767943	168748332	0	6.264335	6.271293	6.0900207	Sim
Gm14306	2	176670522	176719085	1	0.30388984	-1.4462065	0.33303177	Sim
9030418K01Rik	2	178414524	178424428	1	-1.0904759	-2.7654474000000002	-1.0505956	Sim
Zbtb46	2	181459426	181387762	0	-0.26540396	-0.8092855	-0.27184707	Sim
Mrps28	3	8923918	8802146	0	6.9316573	6.919965	6.9342203	Sim
Pde7a	3	19311322	19223108	0	2.224956	2.2344322	2.1213598	Sim
Prkci	3	30995747	31052741	1	2.6237156	2.6441972	2.525472	Sim
Acad9	3	36065979	36094944	1	2.9480286000000002	3.2125213	3.222367	Sim
Bbs7	3	36613477	36573142	0	1.730141	1.8982948	1.8792013	Sim
Ankrd50	3	38484844	38449261	0	1.0065122	1.0306114	0.42286935	Sim
Rab33b	3	51483966	51495905	1	0.7240168	0.72963226	0.24169563	Sim
Ufm1	3	53863830	53855212	0	3.8554454	4.074133	4.063784	Sim
Rap2b	3	61364507	61368703	1	3.5097594	2.6696079	3.5187144	Sim
Dhx36	3	62507004	62470039	0	4.320127	3.8990026	4.3267813	Sim
Kpna4	3	69127113	69067149	0	2.7741883	2.7930317	2.5805433	Sim
B3galnt1	3	69598861	69574186	0	1.7032875	2.6553388	2.6521547	Sim
Serpini1	3	75557547	75643495	1	-0.61930656	-1.6990271	-0.6410977	Sim
Cd1d1	3	86999441	86995834	0	-0.32638684	-1.752085	-0.34051043	Sim
Gon4l	3	88835231	88910103	1	1.9248381	1.5010082	1.9343657	Sim
Ash1l	3	88965812	89079373	1	1.6679995	1.6756829	1.405456	Sim
Clk2	3	89164795	89176921	1	1.731823	1.6107802	1.734998	Sim
Ubap2l	3	90052475	89999589	0	5.47693	5.0905576	5.4693246	Sim
Ints3	3	90433636	90391380	0	3.4785516	3.125922	3.4750545	Sim
Rfx5	3	94954075	94961561	1	-0.48288703	-0.047865227	-0.05368222	Sim
Psmd4	3	95042614	95032694	0	6.8876343	6.546913	6.8805814	Sim
Gabpb2	3	95217916	95181766	0	2.0826201	2.0860295	1.979166	Sim
Gdap2	3	100162381	100206981	1	2.2030725	2.2124326	2.0887647	Sim
Ap4b1	3	103809520	103822025	1	2.4663465	2.483139	2.1925333	Sim
6530418L21Rik	3	105704599	105720842	1	-1.8304482	-7.844026	-1.8644955	Sim
Frrs1	3	116878227	116903750	1	3.925734	3.9212103	2.6608932	Sim
Rwdd3	3	121171695	121155400	0	-1.4585625	-0.19727461	-0.21021007	Sim
Ank2	3	126998452	126921607	0	1.077096	1.0673851	-0.001104896	Sim
Alpk1	3	127780527	127670399	0	-4.659084	-8.332812	-4.689216	Sim
Cisd2	3	135423925	135406412	0	5.12492	5.130959	5.0839105	Sim
Adh5	3	138443093	138455499	1	6.753476	6.585778	6.747904	Sim
Cth	3	157925077	157894248	0	4.780298	4.7680545	4.4292984	Sim
Otud6b	4	14826587	14809498	0	5.333858	5.3398275	5.340001	Sim
Ndufaf4	4	24898083	24905001	1	5.311853	5.341278	5.353043	Sim
Rngtt	4	33310311	33502614	1	2.8484268	2.6760635	2.8417573	Sim
Cnr1	4	33924593	33948831	1	-2.556548	-1.7651154	-1.7502217	Sim
Nfx1	4	40970906	41025993	1	3.97546	3.6462915	3.969961	Sim
Atp8b5	4	43267159	43373833	1	-4.397967	-3.669714	-3.6913238	Sim
Rusc2	4	43381979	43427088	1	-4.6136303	-3.6134026	-3.5587964	Sim
4930412F15Rik	4	43669145	43659622	0	1.9081504	1.8136983	1.8946345	Sim
1300002K09Rik	4	45848664	45887008	1	-3.2641618	-5.107815	-3.2100086	Sim
Tmod1	4	46038935	46116032	1	2.313027	1.7193245	2.3179219	Sim
Anp32b	4	46450902	46472657	1	8.863183	8.228471	8.859664	Sim
Rad23b	4	55350043	55392237	1	3.976982	3.9896126	3.821527	Sim
1110054O05Rik	4	59801589	59769637	0	3.6961637	3.5124238	3.7024097	Sim
Whrn	4	63495991	63414910	0	-2.0602558	-2.1004477	-3.1534925	Sim
Dennd4c	4	86748555	86850603	1	-0.16450033	-1.2902967	-0.16469628	Sim
Mier1	4	103114390	103165754	1	2.9815443	2.8646455	2.9727442	Sim
Orc1	4	108579423	108614833	1	4.0394673	2.7381601	4.0328355	Sim
St3gal3	4	118134914	117932154	0	0.5220521	0.5962911	0.5902356	Sim
Kdm4a	4	118180043	118136957	0	0.9250428	0.9224638	0.56864065	Sim
Ppih	4	119320546	119300010	0	5.6423244	5.5310736	5.649029	Sim
Rlf	4	121215084	121145373	0	3.119547	2.5446315	3.1213524	Sim
Bmp8b	4	123105165	123132099	1	1.8033829	0.85716	1.8167453	Sim
Bmp8a	4	123343252	123312645	0	-1.4108382	-1.7465514	-1.437424	Sim
Rragc	4	123917446	123936997	1	0.7750944	0.70765233	0.7631809	Sim
Yars	4	129189760	129219607	1	4.211377	3.4056087	4.2026143	Sim
Marcksl1	4	129513581	129515985	1	7.7792425	7.997353	7.9951987	Sim
2610002D18Rik	4	134510999	134523927	1	4.778518	4.666003	4.7672124	Sim
Hmgcl	4	135946448	135962617	1	4.135442	3.3996031	4.120769	Sim
Rpl11	4	136053428	136028265	0	8.458996	8.521547	8.51905	Sim
Pink1	4	138326307	138313409	0	1.3741868	2.0834672	2.0962534	Sim
Mrto4	4	139352576	139347435	0	5.728676	5.204441	5.7282896	Sim
Spen	4	141538597	141467890	0	0.5202229	0.008535139	0.5392574	Sim
Ube4b	4	149426749	149328416	0	3.5220912	3.4884617	3.5130658	Sim
Ssu72	4	155704800	155733879	1	6.155987	6.27825	6.27402	Sim
Ankib1	5	3803109	3690000	0	0.82793033	0.093304396	0.83886576	Sim
Mll3	5	25498783	25271798	0	-0.1756026	0.31263342	0.28396934	Sim
Tyms	5	30073617	30058202	0	4.6075134	4.7225037	4.730315	Sim
Fam53a	5	33629635	33600351	0	2.7823973	2.7104344	2.7623253	Sim
Tada2b	5	36484285	36473670	0	0.41710114	-1.2487648	0.43496296	Sim
Tbc1d14	5	36593276	36490604	0	2.2046545	1.8439656	2.1974165	Sim
Utp3	5	88554483	88556083	1	6.3387785	6.0634236	6.3382635	Sim
Slc4a4	5	88886818	89239653	1	0.33855292	1.3250843	1.3375056	Sim
Ung	5	114130386	114139323	1	4.960064	4.5693555	4.969962	Sim
Rasal1	5	120648812	120679597	1	-1.7590475	-1.7344906	-3.0154874	Sim
Rhof	5	123132692	123103044	0	0.02174418	-0.8040819	0.04010072	Sim
Pitpnm2	5	124249760	124118690	0	-1.6272293	-1.6664101	-1.8086549	Sim
Snrnp35	5	124483134	124491124	1	2.8569367	2.4842675	2.8750596	Sim
Rilpl1	5	124531391	124493082	0	1.7052836	0.45257157	1.7285465	Sim
Mmp17	5	129584169	129608875	1	-1.1970999	-3.9856112	-1.1697468	Sim
Gusb	5	130003049	129989011	0	3.5620008	2.9403899	3.5468323	Sim
Eif4h	5	134639348	134619880	0	7.083844	6.9694214	7.089926	Sim
Tmem120a	5	135744271	135735485	0	4.377511	3.8873334	4.3694787	Sim
Pop7	5	137502518	137501438	0	5.110998	5.160282	5.1658077	Sim
Mblac1	5	138194314	138195621	1	1.4173281	0.8783664	1.4360888	Sim
Elfn1	5	139907943	139974711	1	-2.1464963	-2.1207335	-7.23462	Sim
Fbxl18	5	142895421	142866946	0	1.8287591	1.8936054	1.8935149	Sim
Zdhhc4	5	143329256	143316489	0	2.6072156	3.0472577	3.066232	Sim
Usp42	5	143732280	143710325	0	2.1121545	2.0496192	2.1155612	Sim
Pms2	5	143909964	143937309	1	2.4554787	2.4671295	2.2132673	Sim
Cpsf4	5	145167213	145182041	1	4.1412516	3.5620148	4.145319	Sim
Zfp655	5	145231723	145247302	1	3.046071	3.3645802	3.3504786	Sim
Tmem168	6	13608100	13580687	0	1.3609397	1.5833639	1.5917001	Sim
Fam3c	6	22356243	22306520	0	2.9989634	2.4606063	3.0051894	Sim
Luc7l2	6	38551334	38609470	1	2.1252105	2.1662505	2.1480145	Sim
Svs1	6	48986861	48991725	1	-3.8634706	-7.060761	-3.8205206	Sim
2410003K15Rik	6	49073795	49086751	1	5.097888	5.10049	5.028699	Sim
Vopp1	6	57825154	57727807	0	0.22635266	1.2603428	1.2863039	Sim
Nap1l5	6	58907126	58905234	0	-1.8563802	-6.507388	-1.8814945	Sim
Tacstd2	6	67535822	67534059	0	-0.330957	-0.32282406	-0.7101298	Sim
Aup1	6	83054653	83057680	1	4.6854057	4.7332478	4.724811	Sim
Mob1a	6	83326016	83343776	1	3.544959	3.7511425	3.7522583	Sim
Pcbp1	6	86526171	86524499	0	7.2175884	7.117616	7.2244105	Sim
Nr2c2	6	92091390	92173057	1	1.949226	1.9645933	1.3053339	Sim
Trnt1	6	106769120	106782474	1	5.6119895	5.3673806	5.6102486	Sim
Rpusd3	6	113419348	113415319	0	3.7455661	3.756229	2.8337777	Sim
Rad52	6	119902698	119922828	1	1.946706	2.2959282	2.3059027	Sim
Usp5	6	124829484	124815019	0	5.1872907	5.2004166	5.1916184	Sim
Mlf2	6	124931388	124936138	1	7.4259887000000004	7.4274483	7.3196216	Sim
Ncapd2	6	125191595	125168009	0	5.128557	4.93337	5.130018	Sim
Dusp16	6	134792625	134715473	0	-0.25412086	-0.23574431	-1.1539809	Sim
Rerg	6	137170497	137054825	0	1.6702282	2.0592046	2.0436692	Sim
Pyroxd1	6	142345654	142363257	1	2.557276	2.55974	2.3791451	Sim
Recql	6	142387087	142350342	0	2.3726504	2.121022	2.3639274	Sim
Casc1	6	145210970	145174834	0	-4.9208126	-4.916469	-6.630425	Sim
Ccdc91	6	147475871	147632612	1	3.26934	3.2761908	2.8522613	Sim
Ube2s	7	4812351	4808155	0	6.0989237	5.739709	6.0955176	Sim
Kptn	7	16119895	16127516	1	2.3096302	2.2987149	1.8455085	Sim
Strn4	7	16815889	16840931	1	2.0503998	1.6551902	2.0407157	Sim
Prkd2	7	16842902	16870461	1	0.24082814	0.3491951	0.32502416	Sim
Fbxo46	7	19119859	19138261	1	2.417857	2.3819818	2.4033194	Sim
Rtn2	7	19282662	19296164	1	0.10708869	-1.7585907	0.10963844	Sim
Pvr	7	19921160	19903578	0	-0.13133511	1.3274108	1.347049	Sim
Zfp108	7	24257644	24261914	1	-0.52992207	-0.5245829	-0.8822011	Sim
Rps19	7	24884371	24889806	1	7.843094	7.9427485	7.941431	Sim
Hnrnpul1	7	25754730	25721498	0	2.9912055	2.8025248	2.9911368	Sim
Psmc4	7	28050101	28041707	0	7.5850677	7.432054	7.5890207	Sim
Ggn	7	29170220	29173933	1	-3.4571812	-2.8368871	-2.8202035	Sim
Zfp74	7	29954089	29930815	0	1.2552793	1.6538676	1.6423779	Sim
Zfp382	7	30121942	30134665	1	-0.5300156	0.69549334	0.71512234	Sim
Polr2i	7	30231948	30233390	1	6.502349	6.3753624	6.502092	Sim
Cox6b1	7	30626151	30616974	0	9.573096	9.785677	9.784877	Sim
Plekhf1	7	38227994	38220654	0	1.8705595	2.408484	2.3885055	Sim
Prr12	7	45052881	45027707	0	0.1690015	0.16246878	-0.085689515	Sim
Sphk2	7	45718002	45709467	0	2.6171482	2.583194	2.6139183	Sim
Fam83e	7	45721212	45729492	1	-1.1341196	-1.2894809	-1.0982448	Sim
Cyfip1	7	55841745	55930700	1	4.178572	4.38579	4.3939586	Sim
Tarsl2	7	65644898	65692091	1	0.26503912	0.35797423	0.362434	Sim
Tm2d3	7	65691169	65701913	1	5.2673492	5.269395	4.8381577	Sim
Chsy1	7	66109515	66173789	1	3.340321	3.689295	3.680268	Sim
Idh2	7	80115392	80094846	0	5.441288	5.611568	5.619598	Sim
Homer2	7	81706925	81600481	0	-0.89997524	-0.91355324	-1.7080501	Sim
Fah	7	84606722	84585159	0	1.3206272	1.9149052	1.9386294	Sim
Rsf1	7	97579896	97692782	1	2.353771	2.2939527	2.365703	Sim
Omp	7	98145502	98143360	0	-5.0126176	-6.6863456	-5.078374	Sim
Rnf169	7	99980458	99920254	0	0.7412057	0.63825804	0.76598203	Sim
Rnf121	7	102065469	102019137	0	2.4976697	3.0244393	3.0221336	Sim
Pgap2	7	102210208	102238567	1	3.6355302	3.6238647	3.2066574	Sim
Eif3f	7	108934417	108942951	1	6.535541	6.6079593	6.6156516	Sim
Eif4g2	7	111083030	111067985	0	6.569351	6.5435133	6.569213	Sim
4933427G17Rik	7	120982509	121014787	1	-5.2608404	-6.5195312	-5.233487	Sim
Tufm	7	126487355	126490730	1	6.3813725	5.9430614	6.3827596	Sim
Ctf1	7	127712736	127718185	1	1.6928309	2.477533	2.483612	Sim
Plekha1	7	130865756	130913312	1	3.145834	3.127887	2.4238753	Sim
Zfp511	7	140036391	140040605	1	4.5765886	4.2685637	4.568503	Sim
Deaf1	7	141327725	141297176	0	3.2244775	3.2111187	3.069914	Sim
Star	8	25808474	25814723	1	-1.2217737	-0.06793369	-0.07547941	Sim
Fut10	8	31187331	31261738	1	1.7128946	0.38089406	1.734584	Sim
Ppp1r3b	8	35375741	35388124	1	-2.6635065	-1.047728	-1.0332689	Sim
Cnot7	8	40515847	40492540	0	4.4984884	4.4434557	4.510382	Sim
Fgl1	8	41215156	41191434	0	-1.8231899	-1.393495	-1.4158559	Sim
Neil3	8	53639065	53586867	0	1.5213149	0.8711926	1.4965506	Sim
2310045N01Rik	8	70139499	70167488	1	3.5654707	3.570574	3.5668614	Sim
Mpv17l2	8	70760921	70758649	0	3.744964	3.3899398	3.750176	Sim
Arrdc2	8	70839720	70835155	0	-1.1669122	-1.1625683	-3.5203807	Sim
Unc13a	8	71671757	71624417	0	-1.7129878	-2.8072915	-1.6755646	Sim
Zfp617	8	71908635	71934629	1	4.2585335	4.2582736	3.9662838	Sim
Pkn1	8	83699179	83669762	0	-2.0630696	-2.034102	-2.1575575	Sim
Phkb	8	85840959	86061376	1	2.3832211	1.7120005	2.3892238	Sim
Siah1a	8	86746006	86723940	0	1.773375	2.372742	2.3939774	Sim
Tmem188	8	88118769	88135110	1	4.6300473	4.310097	4.6182	Sim
Slc38a7	8	95853539	95835920	0	1.6968775	2.0916939	2.1061997	Sim
Cmtm3	8	104340594	104347672	1	0.3718669	1.3806566	1.4035074	Sim
Ctcf	8	105636568	105682922	1	4.423181	4.088867	4.4166994	Sim
Vps4a	8	107031222	107045755	1	3.1410015	3.6432908	3.6446621	Sim
Gcsh	8	116993537	116981810	0	7.411754	7.607476	7.609047	Sim
Taf1c	8	119605222	119597975	0	2.4082499	0.9756322	2.4093897	Sim
Afg3l1	8	123477903	123503916	1	2.9234302	2.617876	2.9076846	Sim
Alkbh8	9	3335478	3387050	1	3.263808	3.5152752	3.530066	Sim
Aasdhppt	9	4309494	4294793	0	5.110687	5.1103277	5.099841	Sim
Tmem123	9	7764041	7794333	1	3.2751248	3.36555	3.3474143	Sim
Yap1	9	8004596	7931999	0	2.415386	2.3964036	2.2884715	Sim
Mtmr2	9	13748410	13806481	1	4.0753784	4.2333865	4.2297707	Sim
BC017612	9	15505487	15545260	1	4.6052732	4.5995145	4.405871	Sim
Ccdc67	9	15627933	15559864	0	-1.7454349	-0.9331593	-0.9564749	Sim
Dnmt1	9	20959888	20907206	0	3.8240032	4.017546	4.027659	Sim
Vps26b	9	27030094	27004503	0	4.247882	4.0454783	4.259632	Sim
Robo4	9	37401897	37414023	1	-3.04418	-0.99706227	-0.9593767	Sim
Dscaml1	9	45430293	45753164	1	-7.9915957	-8.250286	-7.964242	Sim
Rnf214	9	45906894	45863425	0	1.4924731	1.7968663	1.7959138	Sim
Rbm7	9	48495330	48488709	0	5.2525473	5.340948	5.35216	Sim
Acat1	9	53610382	53580522	0	0.40827027	1.7664598	1.746467	Sim
Clk3	9	57765860	57750711	0	4.2166689999999996	4.4538417	4.448135	Sim
Kif23	9	61946799	61917280	0	4.4944577	4.6518903	4.646876	Sim
Rasl12	9	65398488	65414853	1	-1.400321	-1.3896515	-2.2221878	Sim
Oaz2	9	65668001	65690300	1	4.904677	5.3566484	5.3628044	Sim
Trip4	9	65908794	65828930	0	2.238034	2.2491474	2.1950734	Sim
Polr2m	9	71485935	71478437	0	7.8478794	7.674368	7.845614	Sim
Ooep	9	78378725	78376109	0	0.8236424	0.8088774	0.51595736	Sim
Tfdp2	9	96196275	96323646	1	2.796065	2.7370522	2.798105	Sim
Rnf7	9	96478675	96470941	0	7.305192	7.2641654	7.3111916	Sim
Poc1a	9	106281061	106349891	1	4.8196254	4.806451	3.7710028	Sim
Qrich1	9	108517087	108560167	1	4.997802	4.588284	4.992952	Sim
Nme6	9	109832749	109843116	1	5.3219376	5.2424474	5.3193827	Sim
AC159748.1	10	5550692	5336949	0	-1.8037368	-1.7626177	-2.596516	Sim
Vta1	10	14705560	14654755	0	5.546987	5.5582294	5.3762536	Sim
H60b	10	22158586	22288849	1	-3.284675	1.944921	1.9423507	Sim
Raet1c	10	22173521	22374139	1	1.1638625	2.575334	2.5600283	Sim
Tspyl4	10	34297421	34301308	1	0.80922437	0.8302626	0.48849455	Sim
Amd2	10	35711891	35708691	0	1.342182	0.6681262	1.3550805	Sim
Marcks	10	37138920	37133375	0	6.0645123	6.4134264	6.420503	Sim
Cd164	10	41519500	41531042	1	6.7700796	6.7732477	6.72866	Sim
Sec63	10	42761496	42832514	1	1.7998753	1.7874706	1.7764555	Sim
Ybey	10	76469114	76459569	0	2.1060636	1.3226571	2.090488	Sim
Slc19a1	10	77032241	77061002	1	3.048131	2.846775	3.0318203	Sim
Trappc10	10	78244642	78186725	0	-0.17188212	-0.17796567	-0.16674004	Sim
Cdc34	10	79682195	79688394	1	5.840753	5.568314	5.8418818	Sim
ORF61	10	79984330	79974948	0	-0.03621216	-0.00491753	-0.020091303	Sim
Ndufs7	10	80249121	80256794	1	6.5205274	6.4365077	6.5215306	Sim
Dazap1	10	80261486	80288408	1	2.8024495	2.69226	2.809994	Sim
Btbd2	10	80657071	80642617	0	2.8370957	3.089236	3.0941644	Sim
Izumo4	10	80702693	80705382	1	-0.71212107	-0.13291727	-0.09980545	Sim
AC167202.2	10	81718919	81721468	1	-0.41225454	-0.4000646	-0.84488624	Sim
Tdg	10	82629828	82650799	1	5.177149	5.0876603	5.1727376	Sim
Ccdc53	10	88201097	88246152	1	4.71227	4.678967	4.7073703	Sim
Tmpo	10	91171582	91147571	0	4.193376	4.046849	4.1851664	Sim
Cdk17	10	93160876	93241342	1	1.9792773	1.9669487	1.4059556	Sim
Atp2b1	10	98915152	99026143	1	3.8909822	4.333158	4.3212686	Sim
Xrcc6bp1	10	126901371	126868430	0	3.6560054	2.6431243	3.671983	Sim
Avil	10	127000709	127020994	1	-7.092709	-7.3514	-7.0653563	Sim
Tmem194	10	127666901	127701049	1	0.99905986	1.3823866	1.3711331	Sim
Mip	10	128225838	128231812	1	0.39185074	0.39572158	0.36057612	Sim
Tbrg4	11	6626067	6615598	0	4.3643847	3.5627313	4.3651934	Sim
Ramp3	11	6658521	6677475	1	1.4069808	1.4135038	0.042016674	Sim
Igfbp3	11	7213923	7206086	0	1.8650179	1.8557645	0.17210822	Sim
Tns3	11	8664535	8431652	0	1.328848	1.3324811	0.53137314	Sim
Fignl1	11	11808962	11787431	0	4.469065	4.59835	4.594311	Sim
Pno1	11	17211568	17203198	0	6.5847745	6.3131204	6.578767	Sim
Etaa1	11	17953875	17938756	0	3.2472951	3.1484194	3.2451272	Sim
Ehbp1	11	22342292	22005828	0	1.0574967	0.8109337	1.084109	Sim
Pus10	11	23665674	23732876	1	2.8957834	2.6945722	2.8803887	Sim
Papolg	11	23895253	23862646	0	2.9910665	3.470164	3.4677699	Sim
Nudcd2	11	40733667	40740046	1	6.5885854	6.4750376	6.5956903	Sim
Ccnjl	11	43528784	43586997	1	1.9678625	0.9225755	1.9635068	Sim
Ttc1	11	43748008	43729512	0	5.0155807	5.0074453	4.8257003	Sim
A230051G13Rik	11	59163739	59155369	0	1.3465142	1.0907117	1.343186	Sim
Stx8	11	67966193	68207148	1	1.5623091	1.4041637	1.5386457	Sim
Myh10	11	68691559	68816632	1	3.6493027	2.9969366	3.633948	Sim
Cyb5d1	11	69395631	69391925	0	3.5598917	3.9474585	3.9352472	Sim
Wrap53	11	69580255	69561758	0	4.4366283	4.0719914	4.435415	Sim
Eif5a	11	69921958	69916714	0	10.156464	9.788997	10.158215	Sim
Pafah1b1	11	74724670	74673949	0	3.6110203	3.603889	3.3885796	Sim
Mettl16	11	74770830	74828525	1	3.6695333	2.990932	3.6767614	Sim
Blmh	11	76924809	76987379	1	5.8341007	5.6666613	5.837323	Sim
Supt6h	11	78245987	78206746	0	2.9870682	2.9313958	2.9895208	Sim
Pex12	11	83302586	83294642	0	2.1566796	2.1694355	2.1078324	Sim
Med13	11	86357602	86267033	0	1.7621379	1.5905206	1.739301	Sim
Mrps23	11	88204388	88211507	1	5.061787	5.0568852	4.92255	Sim
Ube2z	11	96065388	96047432	0	2.4690986	2.169998	2.447766	Sim
Nfe2l1	11	96829968	96817414	0	2.5231085	2.9495537	2.967555	Sim
Socs7	11	97362551	97398542	1	-0.012397341	-0.8199402	-0.006814716	Sim
Top2a	11	99024189	98992943	0	6.3727884	6.2697024	6.3710966000000004	Sim
Plekhh3	11	101171351	101162679	0	-3.7093568	-2.2754762	-2.2345448	Sim
Becn1	11	101302286	101285952	0	3.609927	3.728306	3.732827	Sim
Fam171a2	11	102447682	102436981	0	-1.7467145	-5.0757947	-1.7225851	Sim
Plekhm1	11	103412664	103365088	0	0.6433725	0.66109526	0.45224828	Sim
Cdc42ep4	11	113751881	113726850	0	2.6833668	3.8320193	3.825902	Sim
Prpsap1	11	116494202	116470845	0	5.8472104	5.5550103	5.856058	Sim
Dnahc17	11	118129219	118021723	0	-2.1352763	-1.9933643	-1.9486768	Sim
Mrpl12	11	120484613	120489065	1	7.417956	6.8317513	7.4209085	Sim
0610009D07Rik	12	4817608	4827658	1	7.3274446	7.321135	7.1408043	Sim
Sdc1	12	8771323	8793715	1	4.37359	3.5457697	4.3850875	Sim
Sox11	12	27342709	27340697	0	1.3467938	-1.0177933	1.3338388	Sim
Mbip	12	56345894	56328306	0	4.15609	4.285713	4.289683	Sim
Ppm1a	12	72761211	72794940	1	2.5980794	2.681731	2.6630435	Sim
Zfyve26	12	79296282	79232347	0	-0.19235961	-0.20302032	-0.45560858	Sim
Sipa1l1	12	82170016	82451782	1	2.3754385	2.372537	2.194345	Sim
1110018G07Rik	12	84970900	84918148	0	1.3212332	1.5678381	1.5586395	Sim
Zc3h14	12	98746968	98787774	1	3.9301486	4.047301	4.050717	Sim
Foxn3	12	99450111	99194980	0	2.8827958	2.1615293	2.899905	Sim
Ifi27l2a	12	103443680	103442167	0	2.049679	2.0685225	0.46845725	Sim
Atg2b	12	105685241	105613539	0	0.7354013	0.67804754	0.7238886	Sim
Ccnk	12	108179738	108203359	1	3.8183653	3.7911758	3.8287404	Sim
Zfp386	12	116047724	116060592	1	4.9562817	4.7072787	4.9690275	Sim
Ncapg2	12	116405402	116463531	1	3.7775667	3.9547143	3.9538958	Sim
BC016423	13	3611108	3566036	0	3.7647333	3.4423988	3.7725422	Sim
Lyst	13	13590409	13777440	1	-2.0735548	-2.0654216	-2.6575472	Sim
B3galnt2	13	13954674	13999068	1	3.6992705	3.7858536	3.7770596	Sim
Pou6f2	13	18382041	18121101	0	-5.3637214	-8.285377	-5.2988935	Sim
Trim27	13	21179445	21194724	1	5.393141	4.82737	5.384965	Sim
Hist1h2ak	13	21753907	21753395	0	0.50941515	0.17211463	0.52028006	Sim
Hist1h3e	13	23562369	23561534	0	0.5053106	0.52415407	-0.2740607	Sim
Hist1h1a	13	23763668	23764414	1	0.13719067	0.156034	-0.83545613	Sim
Dcdc2a	13	25056004	25210706	1	-1.8758506	-1.855682	-10.503001	Sim
Riok1	13	38036989	38061433	1	3.8190134	4.012891	4.006262	Sim
Hivep1	13	42052021	42185026	1	-0.006589752	-0.033106912	-0.3076197	Sim
Omd	13	49582766	49592609	1	-0.15851042	-0.16566235	-0.3385993	Sim
Mxd3	13	55329758	55325168	0	4.1977825	4.235933	4.2333417	Sim
Gkap1	13	58274188	58233351	0	1.0584896	1.039933	0.37328258	Sim
Hnrnpk	13	58403343	58391142	0	8.5135975	8.466915	8.509415	Sim
Zfp738	13	67687071	67667437	0	1.9552763	1.9336128	1.7191216	Sim
Mtrr	13	68582121	68560780	0	2.6717446	2.2974353	2.6635504	Sim
Cetn3	13	81783292	81797143	1	7.7094793	7.7064433	7.5755143	Sim
Zcchc9	13	91807705	91796533	0	2.3969827	2.6138165	2.599565	Sim
Pdhb	14	8172992	8165991	0	6.8602924	6.6382318	6.8594966	Sim
Ap3m1	14	21052508	21031442	0	3.8392904	3.8522198	3.5647335	Sim
Polr3a	14	24487046	24448694	0	2.8184962	2.6965075	2.8033736	Sim
Duxbl	14	25978577	25990088	1	-5.362943	-4.8846684	-4.9141264	Sim
Arhgef3	14	27238039	27403904	1	-3.0000715	-7.4286876	-3.0341187	Sim
Eaf1	14	31495079	31509858	1	2.8847446	3.115809	3.100769	Sim
Timm23	14	32201898	32180162	0	6.573759	5.7190156	6.5701184	Sim
Zfp488	14	33978764	33967070	0	-4.5582266	-7.539383	-4.4984517	Sim
Ktn1	14	47663756	47736563	1	4.8715987	5.108509	5.109846	Sim
Apex1	14	50924968	50927139	1	8.099527	7.3814073	8.100458	Sim
Tox4	14	52279146	52296391	1	3.3315117	3.4603515	3.4439166	Sim
Acin1	14	54686931	54642161	0	3.9039242	4.025456	4.0390377	Sim
Serpine3	14	62663667	62692243	1	-3.2305472	-4.9221973	-3.2031941	Sim
Kctd9	14	67715937	67742310	1	0.7842821	0.005077784	0.8068672	Sim
Rhobtb2	14	69805530	69784990	0	0.33888146	-1.0362949	0.30648994	Sim
Bin3	14	70100145	70138191	1	3.2545786	3.8050215	3.8055258	Sim
Kbtbd7	14	79426511	79431039	1	0.062639914	0.72148716	0.7308088	Sim
Elf1	14	79481194	79582476	1	-1.2873024	1.4786308	1.4782858	Sim
Tdrd3	14	87416639	87545373	1	1.6136129	2.4416919	2.4504983	Sim
Gpr180	14	118137127	118164232	1	4.334557	4.5370784	4.5491247	Sim
Zfp622	15	25984366	25998482	1	3.9671843	3.4620218	3.9745324	Sim
Eif3e	15	43282736	43250040	0	8.132917	7.8453045	8.127862	Sim
Eny2	15	44428111	44437685	1	6.5759215	6.7127633	6.7179966	Sim
Utp23	15	51877429	51884614	1	3.3466818	3.350501	3.3658507	Sim
Slc52a2	15	76538943	76542130	1	3.10784	2.8188305	3.1161664	Sim
Csnk1e	15	79443919	79417856	0	1.9564122	2.1608257	2.18387	Sim
Rrp7a	15	83122801	83113433	0	4.7055535	4.4268837	4.7113576	Sim
Cyb5r3	15	83172592	83153494	0	4.6740017	4.937864	4.9448075	Sim
Smc1b	15	85131957	85064691	0	-2.372038	-2.4039576	-2.6849544	Sim
Tubgcp6	15	89123087	89098357	0	1.2601306	1.2510948	1.0643066	Sim
Prickle1	15	93595891	93499114	0	3.1344488	3.7639108	3.7570817	Sim
Lmbr1l	15	98918231	98903921	0	2.211696	1.972888	2.191069	Sim
Prph	15	99055174	99058978	1	-1.0979159	-1.085959	-1.9903923	Sim
Pcbp2	15	102470632	102500059	1	5.9311724	5.8930845	5.941096	Sim
Cpped1	16	11909445	11803721	0	1.1583271	1.1825706	0.6824714	Sim
Vpreb1	16	16870843	16868402	0	-0.95891505	0.51935995	0.53356093	Sim
Smpd4	16	17619354	17644828	1	3.5623362	3.1733902	3.5692222	Sim
Lamp3	16	19706365	19653381	0	-1.1072347	-1.1314601	-1.4271035	Sim
Rnf168	16	32277459	32301434	1	4.110165	4.1987615	4.2140646	Sim
Lrch3	16	32914100	33015647	1	1.7519953	2.1816015	2.159245	Sim
Nit2	16	57167332	57156671	0	5.3256617	5.203499	5.3183174	Sim
Tmem30c	16	57292865	57266139	0	-4.9872174	-4.093905	-4.0723386	Sim
Pros1	16	62854307	62929346	1	0.7262753	1.9411619	1.9527589	Sim
Cggbp1	16	64851996	64859507	1	3.8846471	4.249415	4.2382236	Sim
Tiam1	16	89980080	89787111	0	0.32198203	-0.40835118	0.32472733	Sim
Gcfc1	16	91044543	91014037	0	2.9986227	3.000093	2.6915865	Sim
Olig1	16	91269769	91271939	1	1.256367	1.2798196	-2.2491047	Sim
Serac1	17	6079741	6042196	0	0.45134783	0.47448987	-0.54639	Sim
Prr18	17	8340406	8344112	1	-1.581746	-7.4153457	-1.6215072	Sim
Zfp229	17	21733724	21748968	1	1.2600355	1.2546501	0.54100275	Sim
Zfp820	17	21845759	21816876	0	3.5379462	3.724792	3.740422	Sim
Amdhd2	17	24163766	24155833	0	2.799042	3.2350886	3.223389	Sim
Pgp	17	24470473	24471591	1	6.932271	6.077119	6.937018	Sim
Fahd1	17	24850302	24848896	0	3.5958002	3.0470817	3.586086	Sim
Eme2	17	24895087	24888486	0	2.5181634	2.5107331	2.4817822	Sim
Gng13	17	25717171	25719406	1	2.5164657	2.529206	2.4738016	Sim
Cuta	17	26939478	26937973	0	6.389544	6.387444	6.087082	Sim
Wiz	17	32389401	32354055	0	1.4574534	1.4571058	0.8082494	Sim
Hnrnpm	17	33686860	33646233	0	6.169727	6.0084987	6.1621885	Sim
Rab11b	17	33760530	33745950	0	5.3928437	5.3226686	5.3975697	Sim
Kifc1	17	33890661	33875666	0	3.703296	3.8087134	3.8157616	Sim
Rdbp	17	34850391	34856372	1	5.147926	4.9709144	5.1439986	Sim
Usp49	17	47630690	47686738	1	-1.3346516	-0.5758547	-0.5531931	Sim
Ebi3	17	55952623	55957021	1	-3.0520315	-0.5319362	-0.5048108	Sim
D17Wsu104e	17	56183920	56175744	0	5.269987	5.858704	5.858226	Sim
Ranbp3	17	56673225	56711769	1	5.947418	5.5439434	5.943709	Sim
Fbxl17	17	63500017	63057452	0	-1.0572933	-1.2570902	-1.0187128	Sim
Foxn2	17	88440711	88490533	1	1.5926805	2.1249635	2.114546	Sim
Svil	18	4920540	5119299	1	-0.33572742	-0.31475577	-0.9472248	Sim
Kif5b	18	6242174	6201002	0	5.5691414	5.648216	5.648016	Sim
Abhd3	18	10706771	10644411	0	0.58229464	0.6041915	-2.6880326	Sim
Kctd1	18	15151446	14968685	0	-0.39821142	0.8099742	0.7828482	Sim
Asxl3	18	22344883	22530227	1	-4.7205033	-4.304513	-4.3390713	Sim
Mapre2	18	23752333	23893861	1	3.3143709	2.9888844	3.3330574	Sim
Prelid2	18	41951194	41875696	0	5.4692054	5.459588	4.82214	Sim
Commd10	18	46958862	47087992	1	4.279804	4.1612234	4.282368	Sim
Dctn4	18	60526221	60558762	1	4.2005420000000004	4.02049	4.2137566	Sim
Ablim3	18	61911852	61799395	0	-4.0145564	-4.038782	-9.641707	Sim
Atp5a1	18	77773729	77782869	1	7.8467956	7.7295523	7.840856	Sim
Adnp2	18	80151482	80126338	0	1.8825116	1.4350476	1.8725872	Sim
Ndufs8	19	3912717	3908870	0	7.13222	7.0226936	7.1355352	Sim
Rbm4b	19	4756525	4765938	1	3.4796324	3.6427188	3.6436343	Sim
Pacs1	19	5273119	5133688	0	1.4734774	1.9437816	1.9245975	Sim
Rela	19	5637483	5648130	1	2.9320886	2.9149687	2.2372715	Sim
Mark2	19	7341860	7275396	0	1.0429556	1.1904968	1.2081782	Sim
Ints5	19	8892987	8897890	1	3.753036	3.565693	3.7429094	Sim
Sdhaf2	19	10525209	10500513	0	4.7085347	4.662379	4.7157083	Sim
Mrpl16	19	11770415	11774944	1	5.1566567	4.7731695	5.1458955	Sim
Ankrd1	19	36119844	36111965	0	-5.410726	-1.7308171	-1.7109472	Sim
Fgfbp3	19	36919615	36917550	0	0.47595468	0.19934225	0.4960032	Sim
Ide	19	37337852	37268743	0	5.268379	5.2629757	4.298557	Sim
Rrp12	19	41896153	41862852	0	3.7840743	3.5023975	3.7849274	Sim
Loxl4	19	42612813	42593982	0	-4.528402	-7.6615615	-4.568163	Sim
Ndufb8	19	44555440	44548572	0	6.852106	6.540558	6.855152	Sim
Kazald1	19	45075241	45079289	1	-2.0475957	-1.8621024	-1.8211713	Sim
Fbxw4	19	45660312	45578254	0	-0.7710971	-3.1868312	-0.7797723	Sim
Kcnip2	19	45816061	45791839	0	-1.0379887	-1.0423144	-2.329914	Sim
Ldb1	19	46045214	46032593	0	2.0024025	2.2613394000000002	2.268613	Sim
Nolc1	19	46075863	46085528	1	6.3078127	5.339449	6.3069043	Sim
Psd	19	46327156	46312087	0	-2.7482862	-7.3992944	-2.726095	Sim
Usmg5	19	47090625	47083471	0	10.57852	10.761189	10.763023	Sim
Sorcs1	19	50678646	50143301	0	-6.509618	-8.6427765	-6.4498425	Sim
A630007B06Rik	19	56822190	56787481	0	2.2343175	2.2332013	1.917163	Sim
Fam45a	19	60811585	60836227	1	2.7199662	2.711999	2.167805	Sim
Suv39h1	66	8074760	8061171	0	3.9471881	3.6052382	3.951569	Sim
Maoa	66	16619698	16687818	1	3.9975717	3.1733916	4.0029497	Sim
Upf3b	66	37110322	37091678	0	4.93678	4.9417753	3.9285092	Sim
Mcts1	66	38600578	38613426	1	5.6705976	5.401446	5.6699276	Sim
Dcaf12l2	66	44368342	44365458	0	-2.5346665	-2.5709646	-3.2145314	Sim
Aifm1	66	48513563	48474944	0	3.492385	3.0857081	3.5093448	Sim
Rap2c	66	51018018	51003912	0	2.00438	3.301746	3.2937677	Sim
Cxx1a	66	53643763	53642488	0	1.493609	1.4710486	1.17425	Sim
Zfp275	66	73342621	73359080	1	2.7268543	2.798024	2.7853057	Sim
Fam3a	66	74393272	74384719	0	1.2474741	0.6783082	1.2362709	Sim
Ikbkg	66	74393290	74453854	1	1.9073035	1.9249657	1.4232002	Sim
Tbl1x	66	77511013	77662983	1	4.6767144	4.8813624	4.8916507	Sim
Pcyt1b	66	93654863	93749951	1	2.204263	2.1991463	0.5656169	Sim
Fam123b	66	95444872	95420318	0	2.5178998	2.5566564	2.548632	Sim
Efnb1	66	99136130	99148991	1	-0.9930591	2.8993902	2.9055438	Sim
Chic1	66	103356476	103396092	1	0.8926215	0.84251744	0.89550483	Sim
Abcb7	66	104413856	104280657	0	3.2281153	3.133279	3.2142086	Sim
1700008I05Rik	66	135693790	135654698	0	-1.0551168	-1.0538889	-2.6057398	Sim
Frmpd3	66	140367494	140394540	1	-6.115874	-7.3745646	-6.08852	Sim
Tro	66	150657583	150645304	0	1.8456174	0.95557123	1.8611661	Sim
Hsd17b10	66	152001845	152004442	1	5.6985207	5.9683075	5.9673467	Sim
Kdm5d	666	897788	943811	1	-0.007238477	-1.1183311	-0.012694174	Sim
